223025017|13/02/2013|HLAQP|02|91|08/02/2013|1662|300125730|03|0|03000000037|NET TRANS SERVICE AS|||||1|1|1|316.67|0.00|57.00|0.00|0|||0|||||0.00|0.00|
223025018|13/02/2013|HLAQP|02|91|08/02/2013|1662|300125732|03|0|24102012000|DESPEGAR ONLINE SRL|||||1|1|1|166.67|0.00|30.00|0.00|0|||0|||||0.00|0.00|
323020166|13/02/2013|HLCUS|01|01|09/02/2013|003|0002101|02|6|20454621701|EL TABLON CUSCO  EIRL|||||1|1|1|97.46|0.00|17.54|0.00|0|||0|||||0.00|0.00|
323020167|13/02/2013|HLCUS|01|01|09/02/2013|0004|000049|02|6|20527992525|CUSCO RESTAURATS SAC|||||1|1|1|79.03|0.00|14.22|0.00|0|||0|||||0.00|0.00|
323020168|13/02/2013|HLCUS|01|02|09/02/2013|0001|0000034|01|6|10703822407||ARAGON|GARCIA|JAME TONY||1|1|1|300.00|0.00|0.00|0.00|0|||0|||||0.00|0.00|
323020169|13/02/2013|HLCUS|01|12|10/02/2013|0001|000000513|02|6|20546481388|HH INVERSIONISTAS SAC|||||1|1|1|194.07|0.00|34.93|0.00|0|||0|||||0.00|0.00|
323020171|13/02/2013|HLCUS|01|01|11/02/2013|0002|000038|01|6|10239804905||SURCO|SEGOVIA|ADOLFO||1|1|1|86.00|0.00|15.48|0.00|0|||0|||||0.00|0.00|
323020172|13/02/2013|HLCUS|01|01|11/02/2013|003|0003579|02|6|20490904639|D SANTIAGO EIRL|||||1|1|1|76.27|0.00|13.73|0.00|0|||0|||||0.00|0.00|
323020173|13/02/2013|HLCUS|01|01|11/02/2013|0001|002177|01|6|10239900297||NN|NN|NN||1|1|1|63.56|0.00|11.44|0.00|0|||0|||||0.00|0.00|
323020174|13/02/2013|HLCUS|01|02|11/02/2013|0001|000018|01|6|10480431842||HILACHOQUE|RODRIGO|JESUS||1|1|1|300.00|0.00|0.00|0.00|0|||0|||||0.00|0.00|
323020175|13/02/2013|HLCUS|01|01|11/02/2013|0001|001975|02|6|10238817451|APAZA PEREZ FERMIN SATURNINO|||||1|1|1|203.39|0.00|36.61|0.00|0|||0|||||0.00|0.00|
323020176|13/02/2013|HLCUS|01|01|11/02/2013|0001|001976|02|6|10238817451|APAZA PEREZ FERMIN SATURNINO|||||1|1|1|127.12|0.00|22.88|0.00|0|||0|||||0.00|0.00|
323020177|13/02/2013|HLCUS|01|03|11/02/2013|0001|0001753|01|6|10238841572||RIOS|BURGOS|JOSE|ANTONIO|1|1|1|120.00|0.00|0.00|0.00|0|||0|||||0.00|0.00|
323020178|13/02/2013|HLCUS|01|01|11/02/2013|003|0017728|02|6|20485088041|VDC REPRESENTACIONES EIRL|||||1|1|1|123.73|0.00|22.27|0.00|0|||0|||||0.00|0.00|
323020179|13/02/2013|HLCUS|01|01|11/02/2013|003|0003595|02|6|20490904639|D SANTIAGO EIRL|||||1|1|1|152.54|0.00|27.46|0.00|0|||0|||||0.00|0.00|
323020180|13/02/2013|HLCUS|01|01|11/02/2013|0001|0023134|02|6|20401026127|NEGOCIACIONES TUMI SRL|||||1|1|1|33.90|0.00|6.10|0.00|0|||0|||||0.00|0.00|
323020181|13/02/2013|HLCUS|01|01|11/02/2013|007|0001667|02|6|20546199445|PLACACENTROS MASISA PERU SAC|||||1|1|1|5.57|0.00|1.00|0.00|0|||0|||||0.00|0.00|
323020182|13/02/2013|HLCUS|01|01|12/02/2013|0001|001977|02|6|10238817451|APAZA PEREZ FERMIN SATURNINO|||||1|1|1|203.39|0.00|36.61|0.00|0|||0|||||0.00|0.00|
323020183|13/02/2013|HLCUS|01|01|12/02/2013|0001|001978|02|6|10238817451|APAZA PEREZ FERMIN SATURNINO|||||1|1|1|127.12|0.00|22.88|0.00|0|||0|||||0.00|0.00|
323020184|13/02/2013|HLCUS|01|01|04/02/2013|001|000970|02|6|20450702634|SEULEMENT TOI SAC|||||1|1|1|118.31|0.00|21.29|0.00|0|||0|||||0.00|0.00|
323020185|13/02/2013|HLCUS|01|01|04/02/2013|022|0052204|02|6|20503840121|REPSOL COMERCIAL S A C|||||1|1|1|12493.20|0.00|2248.78|0.00|0|||0|||||0.00|0.00|
323020186|13/02/2013|HLCUS|01|01|02/02/2013|052|0130974|02|6|20467539842|DEPRODECA SAC|||||1|1|1|551.31|0.00|99.24|0.00|0|||0|||||0.00|0.00|
323020188|13/02/2013|HLCUS|01|01|02/02/2013|003|0017679|02|6|20485088041|VDC REPRESENTACIONES EIRL|||||1|1|1|105.08|0.00|18.92|0.00|0|||0|||||0.00|0.00|
323020189|13/02/2013|HLCUS|01|01|04/02/2013|003|0017688|02|6|20485088041|VDC REPRESENTACIONES EIRL|||||1|1|1|203.39|0.00|36.61|0.00|0|||0|||||0.00|0.00|
323020190|13/02/2013|HLCUS|01|01|04/02/2013|003|0017685|02|6|20485088041|VDC REPRESENTACIONES EIRL|||||1|1|1|194.92|0.00|35.08|0.00|0|||0|||||0.00|0.00|
523020083|13/02/2013|HLLIM|01|02|04/02/2013|001|00565|01|6|10061930057||ZEVALLOS|BRAVO|HECTOR||1|1|1|48.00|0.00|0.00|0.00|0|||0|||||0.00|0.00|
523020084|13/02/2013|HLLIM|01|02|01/02/2013|0001|000165|01|6|10105415457||LOPEZ|CARUAJULCA|ALADINO||1|1|1|24.00|0.00|0.00|0.00|0|||0|||||0.00|0.00|
523020085|13/02/2013|HLLIM|01|02|02/02/2013|001|000050|01|6|10077550378||BELLO|FIERRO MEDINA|LUIS|RICARDO|1|1|1|72.00|0.00|0.00|0.00|0|||0|||||0.00|0.00|
523020086|13/02/2013|HLLIM|01|02|01/02/2013|001|000049|01|6|10077550378||BELLO|FIERRO MEDINA|LUIS|RICARDO|1|1|1|24.00|0.00|0.00|0.00|0|||0|||||0.00|0.00|
523020087|13/02/2013|HLLIM|01|02|01/02/2013|001|000055|01|6|10077550378||BELLO|FIERRO MEDINA|LUIS|RICARDO|1|1|1|12.00|0.00|0.00|0.00|0|||0|||||0.00|0.00|
523020088|13/02/2013|HLLIM|01|02|01/02/2013|001|000053|01|6|10077550378||BELLO|FIERRO MEDINA|LUIS|RICARDO|1|1|1|12.00|0.00|0.00|0.00|0|||0|||||0.00|0.00|
523020089|13/02/2013|HLLIM|01|02|01/02/2013|001|000051|01|6|10077550378||BELLO|FIERRO MEDINA|LUIS|RICARDO|1|1|1|32.00|0.00|0.00|0.00|0|||0|||||0.00|0.00|
523020090|13/02/2013|HLLIM|01|02|06/02/2013|001|000846|01|6|10071771399||LERZUNDI|RIVERA|JORGE|EULOGIO|1|1|1|12.00|0.00|0.00|0.00|0|||0|||||0.00|0.00|
523020091|13/02/2013|HLLIM|01|02|06/02/2013|001|000848|01|6|10071771399||LERZUNDI|RIVERA|JORGE|EULOGIO|1|1|1|12.00|0.00|0.00|0.00|0|||0|||||0.00|0.00|
523020092|13/02/2013|HLLIM|01|02|08/02/2013|001|000061|01|6|10414196212||VALDIVIA|MATOS|JOSSUET||1|1|1|120.00|0.00|0.00|0.00|0|||0|||||0.00|0.00|
523020093|13/02/2013|HLLIM|01|12|12/02/2013|000|0185|02|6|20100106915|EWONG SA|||||1|1|1|19.19|0.00|3.45|0.00|0|||0|||||0.00|0.00|
523020094|13/02/2013|HLLIM|01|12|06/02/2013|000|0280|02|6|20100106915|EWONG SA|||||1|1|1|38.96|0.00|7.01|0.00|0|||0|||||0.00|0.00|
523020095|13/02/2013|HLLIM|01|12|04/02/2013|000|0143|02|6|20100106915|EWONG SA|||||1|1|1|58.88|0.00|10.60|0.00|0|||0|||||0.00|0.00|
523020096|13/02/2013|HLLIM|01|12|04/02/2013|000|0257|02|6|20100106915|EWONG SA|||||1|1|1|10.85|0.00|1.95|0.00|0|||0|||||0.00|0.00|
523020097|13/02/2013|HLLIM|01|01|06/02/2013|001|002505|01|6|10068642316||PONCE|GOMEZ|ANGEL||1|1|1|5.09|0.00|0.92|0.00|0|||0|||||0.00|0.00|
523020098|13/02/2013|HLLIM|01|01|12/02/2013|001|000023|01|6|10484020138||BELLIDO|ALVAREZ|YENIFER||1|1|1|30.00|0.00|5.40|0.00|0|||0|||||0.00|0.00|
523020099|13/02/2013|HLLIM|01|01|08/02/2013|002|000212|01|6|10406477237||MERINO|OSPINA|MIGUEL ROBERTO||1|1|1|99.15|0.00|17.85|0.00|0|||0|||||0.00|0.00|
523020100|13/02/2013|HLLIM|01|01|01/02/2013|002|000188|01|6|10104699303||PERFECTO|RODRIGUEZ|JUAN ORLANDO||1|1|1|300.00|0.00|54.00|0.00|0|||0|||||0.00|0.00|
523020101|13/02/2013|HLLIM|01|01|08/02/2013|084|0214786|02|6|20100016681|IMPORTACIONES HIRAOKA S A|||||1|1|1|287.29|0.00|51.71|0.00|0|||0|||||0.00|0.00|
523020102|13/02/2013|HLLIM|01|01|31/01/2013|002|000395|01|6|10067779547||CHIPANA|ORTIZ|VIRGILIO||1|1|1|194.92|0.00|35.09|0.00|0|||0|||||0.00|0.00|
523020103|13/02/2013|HLLIM|01|01|01/02/2013|002|0008537|02|6|20518585224|TIENDAS EL CRISTAL SAC|||||1|1|1|68.64|0.00|12.36|0.00|0|||0|||||0.00|0.00|
523020104|13/02/2013|HLLIM|01|01|05/02/2013|001|000703|01|6|10033722961||NILUPU|LOPEZ|MARTIN||1|1|1|126.00|0.00|22.68|0.00|0|||0|||||0.00|0.00|
523020105|13/02/2013|HLLIM|01|02|13/02/2013|0001|000167|01|6|10105415457||LOPEZ|CARUAJULCA|ALADINO||1|1|1|37.00|0.00|0.00|0.00|0|||0|||||0.00|0.00|
523020107|13/02/2013|HLLIM|01|01|06/02/2013|003|00002|02|6|10082585295|MALAVER RIVAS ELIZABETH HELLEN|||||1|1|1|508.48|0.00|91.53|0.00|0|||0|||||0.00|0.00|
723020046|13/02/2013|HLPUN|01|01|02/02/2013|003|0013334|02|6|20120837851|FERRER COHAGUILA SAC|||||1|1|1|576.27|0.00|103.73|0.00|0|||0|||||0.00|0.00|
923020169|13/02/2013|03285|01|14|13/02/2013|071|75932-81|02|6|20147567449|MUNICIPALIDAD PROVINCIAL DE URUBAMBA|||||1|1|1|2208.10|0.00|397.46|0.00|0|||0|||||0.00|0.00|
923020190|13/02/2013|03285|01|01|13/02/2013|052|0131450|02|6|20467539842|DEPRODECA SAC|||||1|1|1|45.50|0.00|8.19|0.00|0|||0|||||0.00|0.00|
923020193|13/02/2013|03285|01|01|13/02/2013|0002|00214|01|6|10249936451||HUILLCA|QUISPE|HERMOGENES||1|1|1|89.87|0.00|16.18|0.00|0|||1|||||0.00|0.00|
923020264|13/02/2013|03285|01|01|13/02/2013|0001|000282|02|6|20490887360|EMBUTIDOS MOLINARI SAC|||||1|1|1|146.96|0.00|26.45|0.00|0|||0|||||0.00|0.00|
923020305|13/02/2013|03285|01|01|13/02/2013|0001|00314|02|6|20490967631|J  P DISGA EIRL|||||1|1|1|343.50|0.00|0.00|0.00|0|||0|||||0.00|0.00|
923020306|13/02/2013|03285|01|01|13/02/2013|0001|00313|02|6|20490967631|J  P DISGA EIRL|||||1|1|1|30.00|0.00|0.00|0.00|0|||0|||||0.00|0.00|
923020349|13/02/2013|03285|01|01|13/02/2013|002|228958|02|6|20227342456|SERVICIOS GENERALES TURISTICOS Y CONSULTORIA SRL|||||1|1|1|44.88|0.00|8.08|0.00|0|||0|||||0.00|0.00|
323020191|13/02/2013|HLCUS|01|01|01/02/2013|0001|0001005|02|6|20527655367|APROCULTIVOS|||||1|1|1|213.40|0.00|0.00|0.00|0|||0|||||0.00|0.00|
323020192|13/02/2013|HLCUS|01|01|02/02/2013|0001|0001007|02|6|20527655367|APROCULTIVOS|||||1|1|1|175.00|0.00|0.00|0.00|0|||0|||||0.00|0.00|
323020193|13/02/2013|HLCUS|01|01|04/02/2013|0006|004021|02|6|20399742821|REPRESENTACIONES GENERALES EL SOL SA|||||1|1|1|106.78|0.00|19.22|0.00|0|||0|||||0.00|0.00|
323020194|13/02/2013|HLCUS|01|01|01/02/2013|0006|004002|02|6|20399742821|REPRESENTACIONES GENERALES EL SOL SA|||||1|1|1|220.34|0.00|39.66|0.00|0|||0|||||0.00|0.00|
323020195|13/02/2013|HLCUS|01|01|31/01/2013|518|1366845|02|6|20442037311|DISTRIBUIDORA AGUIRRE SA|||||1|1|1|736.40|0.00|132.55|0.00|0|||0|||||0.00|0.00|
323020196|13/02/2013|HLCUS|01|01|04/02/2013|117|0002138|02|6|20100058503|PURATOS PERU SA|||||1|1|1|207.00|0.00|37.26|0.00|0|||0|||||0.00|0.00|
323020197|13/02/2013|HLCUS|01|01|01/02/2013|0001|012614|02|6|20273399993|LA SUREnITA EIRL|||||1|1|1|110.17|0.00|19.83|0.00|0|||0|||||0.00|0.00|
323020198|13/02/2013|HLCUS|01|01|06/02/2013|0004|004624|02|6|20527236631|AVICOLA EL HUEVITO EIRL|||||1|1|1|508.58|0.00|91.54|0.00|0|||0|||||0.00|0.00|
323020200|13/02/2013|HLCUS|01|03|10/02/2013|0001|002059|01|6|10239141396||GUTIERREZ|VALENCIAS|TEOFILA||1|1|1|7.00|0.00|0.00|0.00|0|||0|||||0.00|0.00|
323020202|13/02/2013|HLCUS|01|14|01/01/2013|0004|844098916|02|6|20100017491|TELEFONICA DEL PERU SAA|||||1|1|1|47.03|0.00|8.47|0.00|0|||0|||||0.00|0.00|
323020203|13/02/2013|HLCUS|01|14|01/01/2013|0004|844098949|02|6|20100017491|TELEFONICA DEL PERU SAA|||||1|1|1|166.14|0.00|29.91|0.00|0|||0|||||0.00|0.00|
323020204|13/02/2013|HLCUS|01|14|01/01/2013|0004|844098915|02|6|20100017491|TELEFONICA DEL PERU SAA|||||1|1|1|183.35|0.00|33.00|0.00|0|||0|||||0.00|0.00|
323020205|13/02/2013|HLCUS|01|14|01/01/2013|0004|844098964|02|6|20100017491|TELEFONICA DEL PERU SAA|||||1|1|1|48.39|0.00|8.71|0.00|0|||0|||||0.00|0.00|
323020206|13/02/2013|HLCUS|01|14|01/01/2013|0004|844098950|02|6|20100017491|TELEFONICA DEL PERU SAA|||||1|1|1|48.39|0.00|8.71|0.00|0|||0|||||0.00|0.00|
323020207|13/02/2013|HLCUS|01|14|01/01/2013|0004|844098959|02|6|20100017491|TELEFONICA DEL PERU SAA|||||1|1|1|50.17|0.00|9.03|0.00|0|||0|||||0.00|0.00|
323025023|13/02/2013|HLCUS|02|91|08/02/2013|1662|300125733|03|0|03000000006|TRAVEL CLICK INC|||||1|1|1|316.67|0.00|57.00|0.00|0|||0|||||0.00|0.00|
323025024|13/02/2013|HLCUS|02|91|08/02/2013|1662|300125734|03|0|31047344000|BOOKINGCOM BV|||||1|1|1|1683.33|0.00|303.00|0.00|0|||0|||||0.00|0.00|
323025025|13/02/2013|HLCUS|02|91|08/02/2013|1662|300125736|03|0|24102012000|DESPEGAR ONLINE SRL|||||1|1|1|1038.89|0.00|187.00|0.00|0|||0|||||0.00|0.00|
323025026|13/02/2013|HLCUS|02|91|08/02/2013|1662|213734199|03|0|30559173630|HI TECH AIR SHIPPING INC|||||1|1|1|977.78|0.00|176.00|0.00|0|||0|||||0.00|0.00|
423020247|13/02/2013|03286|02|91|08/02/2013|1662|300125726|03|0|01000000013|STARWOOD RESERVATIONS LLC|||||1|1|1|255.56|0.00|46.00|0.00|0|||0|||||0.00|0.00|
423020248|13/02/2013|03286|02|91|08/02/2013|1662|300125729|03|0|20101702000|STARWOOD HOTELS AND RESORTS WORLDWIDE INC|||||1|1|1|3355.56|0.00|604.00|0.00|0|||0|||||0.00|0.00|
423020249|13/02/2013|03286|02|91|08/02/2013|1662|300125731|03|0|03022011000|PREFERRED GUEST INC|||||1|1|1|350.00|0.00|63.00|0.00|0|||0|||||0.00|0.00|
423020250|13/02/2013|03286|02|91|08/02/2013|1662|300125739|03|0|32835000000|MANITUR|||||1|1|1|750.00|0.00|135.00|0.00|0|||0|||||0.00|0.00|
423020251|13/02/2013|03286|01|01|01/02/2013|003|0061285|02|6|20114213854|CIA MINERA EL FERROL SAC|||||1|1|1|1457.63|0.00|262.37|0.00|0|||1|||||0.00|0.00|
423020252|13/02/2013|03286|01|01|01/02/2013|003|0061273|02|6|20114213854|CIA MINERA EL FERROL SAC|||||1|1|1|1457.63|0.00|262.37|0.00|0|||1|||||0.00|0.00|
423020253|13/02/2013|03286|01|01|29/01/2013|001|0000273|02|6|20525145680|LIGNUS SAC|||||1|1|1|1580.00|0.00|284.40|0.00|1|2001|19776199|0|||||0.00|0.00|
423020254|13/02/2013|03286|01|01|16/11/2012|125|0000893|02|6|20100028698|FERREYROS SA|||||2|1|1|2227.00|0.00|400.86|0.00|1|2001|19781305|0|||||0.00|0.00|
423020255|13/02/2013|03286|02|91|08/02/2013|1662|300125741|03|0|00022598553|CREVELAND CIRCLE TRAVEL|||||1|1|1|727.78|0.00|131.00|0.00|0|||0|||||0.00|0.00|
423020256|13/02/2013|03286|02|91|08/02/2013|1662|300125743|03|0|01022012000|SERVICIOS HOTELEROS STARWOOD LTDA|||||1|1|1|2961.11|0.00|533.00|0.00|0|||0|||||0.00|0.00|
423020257|13/02/2013|03286|02|91|08/02/2013|1662|300125745|03|0|03000000000|VFM LEONARDO  inc|||||1|1|1|205.56|0.00|37.00|0.00|0|||0|||||0.00|0.00|
423020258|13/02/2013|03286|02|91|08/02/2013|1662|300125749|03|0|03000000000|VFM LEONARDO  inc|||||1|1|1|205.56|0.00|37.00|0.00|0|||0|||||0.00|0.00|
523020009|13/02/2013|HLLIM|01|14|31/01/2013|000|147715500|02|6|20331898008|LUZ DEL SUR SAA|||||1|1|1|14783.91|0.00|2661.10|0.00|0|||0|||||0.00|0.00|
523020010|13/02/2013|HLLIM|01|14|30/01/2013|000|01446599|02|6|20100152356|SERV AGUA POTAB Y ALCANT DE LIMASEDAPAL|||||1|1|1|2457.84|0.00|442.41|0.00|0|||0|||||0.00|0.00|
523020011|13/02/2013|HLLIM|01|14|30/01/2013|000|01446600|02|6|20100152356|SERV AGUA POTAB Y ALCANT DE LIMASEDAPAL|||||1|1|1|1867.89|0.00|336.22|0.00|0|||0|||||0.00|0.00|
523020012|13/02/2013|HLLIM|01|01|01/02/2013|375|0367098|02|6|20100538203|ASOC PERUANA DE AUTORES Y COMPOSITORES|||||1|1|1|240.00|0.00|0.00|0.00|0|||0|||||0.00|0.00|
523020014|13/02/2013|HLLIM|01|01|05/02/2013|001|000368|02|6|20535857289|MAV SOLUTIONS SAC|||||1|1|1|364.00|0.00|65.52|0.00|0|||0|||||0.00|0.00|
523020015|13/02/2013|HLLIM|01|01|26/01/2013|001|000189|01|6|10089552309||FALCON|HUAIHUA|MARIN||1|1|1|515.00|0.00|92.70|0.00|0|||1|||||0.00|0.00|
523020016|13/02/2013|HLLIM|01|01|26/01/2013|001|000201|01|6|10089552309||FALCON|HUAIHUA|MARIN||1|1|1|38.00|0.00|6.84|0.00|0|||1|||||0.00|0.00|
523020017|13/02/2013|HLLIM|01|01|02/02/2013|001|000202|01|6|10089552309||FALCON|HUAIHUA|MARIN||1|1|1|320.00|0.00|57.60|0.00|0|||1|||||0.00|0.00|
523020018|13/02/2013|HLLIM|01|01|04/02/2013|001|028506|02|6|20101580106|MADECI SRL|||||1|1|1|564.75|0.00|101.66|0.00|0|||0|||||0.00|0.00|
523020019|13/02/2013|HLLIM|01|01|06/02/2013|0001|003415|02|6|20101495338|SERVIGER EIRLTDA|||||1|1|1|760.00|0.00|136.80|0.00|0|||1|||||0.00|0.00|
523020020|13/02/2013|HLLIM|01|01|06/02/2013|0001|003417|02|6|20101495338|SERVIGER EIRLTDA|||||1|1|1|150.00|0.00|27.00|0.00|0|||1|||||0.00|0.00|
523020021|13/02/2013|HLLIM|01|01|01/02/2013|002|004716|01|6|10421635761||MOTTA|MASEN|MELCHORA||1|1|1|12.42|0.00|0.00|0.00|0|||0|||||0.00|0.00|
523020022|13/02/2013|HLLIM|01|01|01/02/2013|001|001853|02|6|20477856692|AGROPRODUCTOS VIRGEN DE LAS MERCEDES EIRL|||||1|1|1|108.05|0.00|19.45|0.00|0|||0|||||0.00|0.00|
523020023|13/02/2013|HLLIM|01|01|01/02/2013|003|0665622|02|6|20123387326|TEMPANO SAC|||||1|1|1|53.80|0.00|9.68|0.00|0|||0|||||0.00|0.00|
523020024|13/02/2013|HLLIM|01|01|01/02/2013|2000|0037118|02|6|20100154308|SAN FERNANDO SA|||||1|1|1|335.07|0.00|60.31|0.00|0|||0|||||0.00|0.00|
523020025|13/02/2013|HLLIM|01|01|06/02/2013|003|005172|02|6|20523854403|L  G DISTRIBUIDORA EIRL|||||1|1|1|300.00|0.00|0.00|0.00|0|||0|||||0.00|0.00|
523020026|13/02/2013|HLLIM|01|01|06/01/2013|001|0000375|02|6|20503923174|FOOD SUPPLY EIRL|||||2|1|1|330.00|0.00|59.40|0.00|0|||1|||||0.00|0.00|
123020066|13/02/2013|CORP|02|91|08/02/2013|1662|300125779|03|0|03000000006|TRAVEL CLICK INC|||||1|1|1|8294.44|0.00|1493.00|0.00|0|||0|||||0.00|0.00|
123020067|13/02/2013|CORP|02|91|08/02/2013|1662|300125778|03|0|12062012000|REVINATE INC|||||1|1|1|2827.78|0.00|509.00|0.00|0|||0|||||0.00|0.00|
123020068|13/02/2013|CORP|02|91|08/02/2013|1662|300125780|03|0|03000000000|VFM LEONARDO  inc|||||1|1|1|3022.22|0.00|544.00|0.00|0|||0|||||0.00|0.00|
123020069|13/02/2013|CORP|02|91|08/02/2013|1662|300125781|03|0|00000009876|LIBGO TRAVEL|||||1|1|1|4916.67|0.00|885.00|0.00|0|||0|||||0.00|0.00|
123020070|13/02/2013|CORP|02|91|08/02/2013|1662|300125783|03|0|22022010000|LAURA PATRICIA SCHNIDT LISTOFFSKY|||||1|1|1|7972.22|0.00|1435.00|0.00|0|||0|||||0.00|0.00|
123020071|13/02/2013|CORP|02|91|08/02/2013|1662|300125782|03|0|04092012000|THE RACKSPACECLOUD|||||1|1|1|1022.22|0.00|184.00|0.00|0|||0|||||0.00|0.00|
223020089|13/02/2013|HLAQP|01|01|06/02/2013|001|0014851|02|6|20455684405|HIFI MICROELECTRONICA SAC|||||1|1|1|96.61|0.00|17.39|0.00|0|||0|||||0.00|0.00|
223020090|13/02/2013|HLAQP|01|12|06/02/2013|009|0068|02|6|20100106915|EWONG SA|||||1|1|1|20.98|0.00|3.78|0.00|0|||0|||||0.00|0.00|
223020091|13/02/2013|HLAQP|01|16|07/02/2013|062|0054451|02|6|20286155317|JULSA ANGELES TOURS SAC|||||1|1|1|45.00|0.00|0.00|0.00|0|||0|||||0.00|0.00|
223020092|13/02/2013|HLAQP|01|16|07/02/2013|062|0054452|02|6|20286155317|JULSA ANGELES TOURS SAC|||||1|1|1|45.00|0.00|0.00|0.00|0|||0|||||0.00|0.00|
223020093|13/02/2013|HLAQP|01|01|07/02/2013|001|0014872|02|6|20455684405|HIFI MICROELECTRONICA SAC|||||1|1|1|83.05|0.00|14.95|0.00|0|||0|||||0.00|0.00|
223020094|13/02/2013|HLAQP|01|01|07/02/2013|001|5950|02|6|20455252441|GABRIELA DISTRIBUCIONES EIRL|||||1|1|1|33.05|0.00|5.95|0.00|0|||0|||||0.00|0.00|
223020095|13/02/2013|HLAQP|01|01|08/02/2013|003|006987|02|6|20121689775|OVERSA REPRESENTACIONES SCRL|||||1|1|1|29.66|0.00|5.34|0.00|0|||0|||||0.00|0.00|
223020096|13/02/2013|HLAQP|01|01|08/02/2013|003|0157119|01|6|10292406466||ORDOnEZ|BANDA|EDUARDO|ALBERTO|1|1|1|70.51|0.00|12.69|0.00|0|||0|||||0.00|0.00|
223020097|13/02/2013|HLAQP|01|01|08/02/2013|001|005841|01|6|10293839765||QUISPE|MAMANI|JUANA|LOLA|1|1|1|9.32|0.00|1.68|0.00|0|||0|||||0.00|0.00|
223020098|13/02/2013|HLAQP|01|01|08/02/2013|002|013980|02|6|20454399928|PLASTICOS FE EIRL|||||1|1|1|67.80|0.00|12.20|0.00|0|||0|||||0.00|0.00|
223020099|13/02/2013|HLAQP|01|01|08/02/2013|002|003224|02|6|20455854254|ELECTROGONZA AQP EIRL|||||1|1|1|9.32|0.00|1.68|0.00|0|||0|||||0.00|0.00|
223020100|13/02/2013|HLAQP|01|03|08/02/2013|003|0059884|01|6|10296035411||VIZCARRA|DELGADO|MAURIZIO|DANIEL|1|1|1|5.00|0.00|0.00|0.00|0|||0|||||0.00|0.00|
223020101|13/02/2013|HLAQP|01|03|11/02/2013|001|006473|01|6|10293361326||MAMANI|FLORES|MAURA||1|1|1|3.00|0.00|0.00|0.00|0|||0|||||0.00|0.00|
223020102|13/02/2013|HLAQP|01|01|11/02/2013|001|014181|01|6|10296960361||CHIPANA|GONZALES|RUFINO||1|1|1|16.95|0.00|3.05|0.00|0|||0|||||0.00|0.00|
223025012|13/02/2013|HLAQP|02|91|08/02/2013|1662|300125762|03|0|31047344000|BOOKINGCOM BV|||||1|1|1|1705.56|0.00|307.00|0.00|0|||0|||||0.00|0.00|
223025013|13/02/2013|HLAQP|02|91|08/02/2013|1662|300125763|03|0|03000000037|NET TRANS SERVICE AS|||||1|1|1|22.22|0.00|4.00|0.00|0|||0|||||0.00|0.00|
223025014|13/02/2013|HLAQP|02|91|08/02/2013|1662|300125725|03|0|03000000037|NET TRANS SERVICE AS|||||1|1|1|494.44|0.00|89.00|0.00|0|||0|||||0.00|0.00|
223025015|13/02/2013|HLAQP|02|91|08/02/2013|1662|300125727|03|0|03000000037|NET TRANS SERVICE AS|||||1|1|1|88.89|0.00|16.00|0.00|0|||0|||||0.00|0.00|
223025016|13/02/2013|HLAQP|02|91|08/02/2013|1662|300125728|03|0|03000000037|NET TRANS SERVICE AS|||||1|1|1|72.22|0.00|13.00|0.00|0|||0|||||0.00|0.00|
723020047|13/02/2013|HLPUN|01|01|07/02/2013|002|00581|01|6|10292805859||EDUARDO|ROMERO|BRUNILDA||1|1|1|731.69|0.00|131.71|0.00|0|||1|||||0.00|0.00|
723020048|13/02/2013|HLPUN|01|01|08/02/2013|001|001284|02|6|20448163424|COMERCIAL FERRETERIA PUNO EIRL|||||1|1|1|296.61|0.00|53.39|0.00|0|||0|||||0.00|0.00|
723020049|13/02/2013|HLPUN|01|01|08/02/2013|001|001285|02|6|20448163424|COMERCIAL FERRETERIA PUNO EIRL|||||1|1|1|84.75|0.00|15.25|0.00|0|||0|||||0.00|0.00|
723020050|13/02/2013|HLPUN|01|14|31/12/2012|000|1100419845|02|6|20428698569|AMERICATEL PERU SA|||||1|1|1|58.00|0.00|10.44|0.00|0|||0|||||0.00|0.00|
723020051|13/02/2013|HLPUN|01|14|31/01/2013|000|1100423154|02|6|20428698569|AMERICATEL PERU SA|||||1|1|1|118.86|0.00|21.39|0.00|0|||0|||||0.00|0.00|
723020052|13/02/2013|HLPUN|01|01|08/02/2013|001|003369|01|6|10013345983||VILCA|MAMANI|PAULINA|AGRIPINA|1|1|1|127.00|0.00|0.00|0.00|0|||0|||||0.00|0.00|
723020053|13/02/2013|HLPUN|01|01|08/02/2013|001|003370|01|6|10013345983||VILCA|MAMANI|PAULINA|AGRIPINA|1|1|1|547.00|0.00|0.00|0.00|0|||0|||||0.00|0.00|
723020054|13/02/2013|HLPUN|01|01|09/02/2013|002|0001669|01|6|10408019686||CHURATA|BARREDA|YOLANDA||1|1|1|259.50|0.00|0.00|0.00|0|||0|||||0.00|0.00|
723020055|13/02/2013|HLPUN|01|01|09/02/2013|002|0001670|01|6|10408019686||CHURATA|BARREDA|YOLANDA||1|1|1|146.50|0.00|0.00|0.00|0|||0|||||0.00|0.00|
723020056|13/02/2013|HLPUN|01|01|09/02/2013|001|001437|02|6|20406524699|ALIMENTOS NUTRITIVOS ANDINOS EIRL|||||1|1|1|892.52|0.00|160.65|0.00|0|||1|||||0.00|0.00|
723020057|13/02/2013|HLPUN|01|01|08/02/2013|001|003423|02|6|20447837545|SANTA CRUZ FARMA SERVICIOS GENERALES SOCIEDAD COMERCIAL DE RESPONSABILIDAD LIMITADA|||||1|1|1|38.47|0.00|6.93|0.00|0|||0|||||0.00|0.00|
723020058|13/02/2013|HLPUN|01|01|08/02/2013|001|003424|02|6|20447837545|SANTA CRUZ FARMA SERVICIOS GENERALES SOCIEDAD COMERCIAL DE RESPONSABILIDAD LIMITADA|||||1|1|1|94.92|0.00|17.08|0.00|0|||0|||||0.00|0.00|
723020059|13/02/2013|HLPUN|01|01|07/02/2013|350|0058450|02|6|20136974697|SOCIEDAD SUIZO PERUANA DE EMBUTIDOS SA ¢ SUPEMSA|||||1|1|1|117.50|0.00|21.15|0.00|0|||0|||||0.00|0.00|
723020060|13/02/2013|HLPUN|01|01|08/02/2013|977|0003341|02|6|20101024645|CORPORACION LINDLEY SA|||||1|1|1|182.51|0.00|32.85|0.00|0|||0|||||0.00|0.00|
723020061|13/02/2013|HLPUN|01|01|08/02/2013|001|01624|01|6|10012250091||CARRION|RODRIGUEZ|MAURO|PABLO|1|1|1|60.00|0.00|0.00|0.00|0|||0|||||0.00|0.00|
723020062|13/02/2013|HLPUN|01|02|08/02/2013|001|000452|01|6|10013069382||CABEZAS|PANIAGUA|WILMER||1|1|1|550.00|0.00|0.00|0.00|0|||0|||||0.00|0.00|
723020063|13/02/2013|HLPUN|01|01|09/02/2013|340|0024016|02|6|20506421781|FOOD MARKETS SAC|||||1|1|1|264.75|0.00|47.65|0.00|0|||0|||||0.00|0.00|
723020064|13/02/2013|HLPUN|01|01|08/02/2013|001|000709|02|6|20448254730|FERRETERIA Y DISTRIBUCIONES KJ EIRL|||||1|1|1|127.12|0.00|22.88|0.00|0|||0|||||0.00|0.00|
723020065|13/02/2013|HLPUN|01|01|07/02/2013|001|001850|02|6|20447937680|FERRETERIA COMERCIAL EL ECONOMICO EMPRESA INDIVIDUAL DE RESPONSABILIDAD LIMITADA|||||1|1|1|97.03|0.00|17.47|0.00|0|||0|||||0.00|0.00|
723020066|13/02/2013|HLPUN|01|01|08/02/2013|001|001854|02|6|20447937680|FERRETERIA COMERCIAL EL ECONOMICO EMPRESA INDIVIDUAL DE RESPONSABILIDAD LIMITADA|||||1|1|1|38.14|0.00|6.86|0.00|0|||0|||||0.00|0.00|
723020067|13/02/2013|HLPUN|01|01|05/02/2013|001|000174|01|6|10420965678||MONTESINOS|FLORES|VICTOR|HUGO|1|1|1|194.92|0.00|35.08|0.00|0|||0|||||0.00|0.00|
723020068|13/02/2013|HLPUN|01|08|01/02/2013|012|0002058|02|6|20100067910|BRAEDT SA|||||1|1|1|8.47|0.00|1.53|0.00|0|||0|||||0.00|0.00|
723020069|13/02/2013|HLPUN|01|01|07/02/2013|012|0090709|02|6|20100067910|BRAEDT SA|||||1|1|1|847.92|0.00|152.63|0.00|0|||0|||||0.00|0.00|
523020027|13/02/2013|HLLIM|01|01|06/02/2013|003|005173|02|6|20523854403|L  G DISTRIBUIDORA EIRL|||||1|1|1|192.37|0.00|34.63|0.00|0|||0|||||0.00|0.00|
523020028|13/02/2013|HLLIM|01|01|28/01/2013|001|0011714|02|6|20475307764|REPRESENTACIONES ALIMENTICIAS SAC|||||2|1|1|45.00|0.00|8.10|0.00|0|||0|||||0.00|0.00|
523020029|13/02/2013|HLLIM|01|01|05/02/2013|081|1508890|02|6|20100190797|GLORIA SA|||||1|1|1|881.38|0.00|158.65|0.00|0|||0|||||0.00|0.00|
523020030|13/02/2013|HLLIM|01|01|04/02/2013|002|0120763|02|6|20101094694|ADRIATICA DE IMPORTACIONES Y EXPORTAC SA|||||2|1|1|12.20|0.00|2.20|0.00|0|||1|||||0.00|0.00|
523020031|13/02/2013|HLLIM|01|01|05/02/2013|003|005032|02|6|20523854403|L  G DISTRIBUIDORA EIRL|||||1|1|1|435.25|0.00|78.35|0.00|0|||1|||||0.00|0.00|
523020032|13/02/2013|HLLIM|01|01|05/02/2013|330|1072799|02|6|20101024645|CORPORACION LINDLEY SA|||||1|1|1|25.04|0.00|4.51|0.00|0|||0|||||0.00|0.00|
523020033|13/02/2013|HLLIM|01|01|06/02/2013|001|022889|02|6|20512259457|INVERMAR DEL PACIFICO SAC|||||1|1|1|50.40|0.00|0.00|0.00|0|||0|||||0.00|0.00|
523020034|13/02/2013|HLLIM|01|01|06/02/2013|001|0288356|02|6|20345918656|EL HUEVO DE ORO SAC|||||1|1|1|266.97|0.00|48.05|0.00|0|||0|||||0.00|0.00|
523020035|13/02/2013|HLLIM|01|01|05/02/2013|001|049226|02|6|20501656128|WENDISSE SCRL|||||1|1|1|32.50|0.00|0.00|0.00|0|||0|||||0.00|0.00|
523020036|13/02/2013|HLLIM|01|01|05/02/2013|085|1702817|02|6|20100190797|GLORIA SA|||||1|1|1|48.78|0.00|8.78|0.00|0|||0|||||0.00|0.00|
523020037|13/02/2013|HLLIM|01|01|01/02/2013|001|010521|02|6|20535538264|INVERSIONES CARRISANTI SAC|||||1|1|1|59.10|0.00|0.00|0.00|0|||0|||||0.00|0.00|
523020038|13/02/2013|HLLIM|01|01|02/02/2013|003|004983|02|6|20523854403|L  G DISTRIBUIDORA EIRL|||||1|1|1|134.00|0.00|0.00|0.00|0|||0|||||0.00|0.00|
523020039|13/02/2013|HLLIM|01|01|02/02/2013|003|004984|02|6|20523854403|L  G DISTRIBUIDORA EIRL|||||1|1|1|81.36|0.00|14.64|0.00|0|||0|||||0.00|0.00|
523020040|13/02/2013|HLLIM|01|01|05/02/2013|085|1702816|02|6|20100190797|GLORIA SA|||||1|1|1|140.96|0.00|25.37|0.00|0|||0|||||0.00|0.00|
523020041|13/02/2013|HLLIM|01|01|05/02/2013|001|005299|01|6|10421635761||MOTTA|MASEN|MELCHORA||1|1|1|548.04|0.00|0.00|0.00|0|||0|||||0.00|0.00|
523020042|13/02/2013|HLLIM|01|01|04/02/2013|001|0004086|02|6|20545347106|HORNOTRIGO Y MIEL SAC|||||1|1|1|16.27|0.00|2.93|0.00|0|||1|||||0.00|0.00|
523020043|13/02/2013|HLLIM|01|01|01/02/2013|002|2006730|02|6|20100067910|BRAEDT SA|||||1|1|1|1567.06|0.00|282.07|0.00|0|||0|||||0.00|0.00|
523020044|13/02/2013|HLLIM|01|01|02/02/2013|001|0004073|02|6|20545347106|HORNOTRIGO Y MIEL SAC|||||1|1|1|29.99|0.00|5.40|0.00|0|||1|||||0.00|0.00|
523020045|13/02/2013|HLLIM|01|01|03/02/2013|001|0004080|02|6|20545347106|HORNOTRIGO Y MIEL SAC|||||1|1|1|29.99|0.00|5.40|0.00|0|||1|||||0.00|0.00|
523020046|13/02/2013|HLLIM|01|01|07/02/2013|001|0288421|02|6|20345918656|EL HUEVO DE ORO SAC|||||1|1|1|292.49|0.00|52.65|0.00|0|||0|||||0.00|0.00|
523020047|13/02/2013|HLLIM|01|01|06/02/2013|007|0021353|02|6|20123110367|DISTRIBUIDORA EKAMA SA|||||1|1|1|424.24|0.00|76.36|0.00|0|||0|||||0.00|0.00|
523020048|13/02/2013|HLLIM|01|01|07/02/2013|330|1075100|02|6|20101024645|CORPORACION LINDLEY SA|||||1|1|1|76.35|0.00|13.74|0.00|0|||0|||||0.00|0.00|
523020049|13/02/2013|HLLIM|01|01|07/02/2013|001|005354|01|6|10421635761||MOTTA|MASEN|MELCHORA||1|1|1|568.90|0.00|0.00|0.00|0|||0|||||0.00|0.00|
523020050|13/02/2013|HLLIM|01|01|07/02/2013|001|022911|02|6|20512259457|INVERMAR DEL PACIFICO SAC|||||1|1|1|134.50|0.00|0.00|0.00|0|||0|||||0.00|0.00|
523020051|13/02/2013|HLLIM|01|01|07/02/2013|001|0004107|02|6|20545347106|HORNOTRIGO Y MIEL SAC|||||1|1|1|67.80|0.00|12.20|0.00|0|||1|||||0.00|0.00|
523020052|13/02/2013|HLLIM|01|01|08/02/2013|001|003286|02|6|20506699127|OCCIDENTAL BUSINESS SAC|||||1|1|1|160.00|0.00|28.80|0.00|0|||1|||||0.00|0.00|
523020053|13/02/2013|HLLIM|01|01|08/02/2013|001|001315|02|6|20511387915|COMERCIAL HUAMACHUCO  SAC|||||1|1|1|690.00|0.00|124.20|0.00|0|||1|||||0.00|0.00|
523020054|13/02/2013|HLLIM|01|01|10/02/2013|1621|0016976|02|6|20100176450|REPSOL GAS DEL PERU SA|||||1|1|1|1693.92|0.00|304.91|0.00|0|||0|||||0.00|0.00|
523020055|13/02/2013|HLLIM|01|01|01/02/2013|330|1076176|02|6|20101024645|CORPORACION LINDLEY SA|||||1|1|1|59.53|0.00|10.72|0.00|0|||0|||||0.00|0.00|
523020056|13/02/2013|HLLIM|01|01|08/02/2013|003|005227|02|6|20523854403|L  G DISTRIBUIDORA EIRL|||||1|1|1|36.44|0.00|6.56|0.00|0|||0|||||0.00|0.00|
523020057|13/02/2013|HLLIM|01|01|07/02/2013|007|0021433|02|6|20123110367|DISTRIBUIDORA EKAMA SA|||||1|1|1|43.94|0.00|7.91|0.00|0|||0|||||0.00|0.00|
523020058|13/02/2013|HLLIM|01|01|08/02/2013|0001|000353|01|6|10099330363||ARELLANO|VILNER|MARIA||1|1|1|740.00|0.00|133.20|0.00|0|||1|||||0.00|0.00|
523020059|13/02/2013|HLLIM|01|01|07/02/2013|007|0021425|02|6|20123110367|DISTRIBUIDORA EKAMA SA|||||1|1|1|138.09|0.00|24.86|0.00|0|||0|||||0.00|0.00|
523020061|13/02/2013|HLLIM|01|01|07/02/2013|001|005357|01|6|10421635761||MOTTA|MASEN|MELCHORA||1|1|1|56.38|0.00|0.00|0.00|0|||0|||||0.00|0.00|
523020062|13/02/2013|HLLIM|01|01|09/02/2013|001|0004138|02|6|20545347106|HORNOTRIGO Y MIEL SAC|||||1|1|1|29.99|0.00|5.40|0.00|0|||1|||||0.00|0.00|
523020063|13/02/2013|HLLIM|01|01|09/02/2013|085|1705422|02|6|20100190797|GLORIA SA|||||1|1|1|80.90|0.00|14.56|0.00|0|||0|||||0.00|0.00|
523020064|13/02/2013|HLLIM|01|01|08/02/2013|001|001867|02|6|20477856692|AGROPRODUCTOS VIRGEN DE LAS MERCEDES EIRL|||||1|1|1|20.76|0.00|3.74|0.00|0|||0|||||0.00|0.00|
523020065|13/02/2013|HLLIM|01|01|09/02/2013|003|005244|02|6|20523854403|L  G DISTRIBUIDORA EIRL|||||1|1|1|169.07|0.00|30.43|0.00|0|||0|||||0.00|0.00|
523020066|13/02/2013|HLLIM|01|01|09/02/2013|001|008533|02|6|20535538264|INVERSIONES CARRISANTI SAC|||||1|1|1|131.30|0.00|0.00|0.00|0|||0|||||0.00|0.00|
523020067|13/02/2013|HLLIM|01|01|09/02/2013|003|0029854|02|6|20101346766|PROVELINO SRL|||||1|1|1|212.37|0.00|38.23|0.00|0|||1|||||0.00|0.00|
523020068|13/02/2013|HLLIM|01|01|09/02/2013|001|008534|02|6|20535538264|INVERSIONES CARRISANTI SAC|||||1|1|1|121.60|0.00|0.00|0.00|0|||0|||||0.00|0.00|
523020069|13/02/2013|HLLIM|01|01|10/02/2013|001|0004149|02|6|20545347106|HORNOTRIGO Y MIEL SAC|||||1|1|1|26.18|0.00|4.71|0.00|0|||1|||||0.00|0.00|
523020070|13/02/2013|HLLIM|01|01|09/02/2013|003|005245|02|6|20523854403|L  G DISTRIBUIDORA EIRL|||||1|1|1|15.00|0.00|0.00|0.00|0|||0|||||0.00|0.00|
523020071|13/02/2013|HLLIM|01|01|08/02/2013|001|0004131|02|6|20545347106|HORNOTRIGO Y MIEL SAC|||||1|1|1|83.06|0.00|14.95|0.00|0|||1|||||0.00|0.00|
523020072|13/02/2013|HLLIM|01|01|11/02/2013|002|102035|02|6|20126950391|RQ DISTRIBUCIONES SRL|||||1|1|1|300.00|0.00|54.00|0.00|0|||1|||||0.00|0.00|
523020073|13/02/2013|HLLIM|01|01|04/02/2013|001|004653|01|6|10410093958||QUISPE|SUCA|EVELYN|MARIBEL|1|1|1|527.91|0.00|95.02|0.00|0|||0|||||0.00|0.00|
523020074|13/02/2013|HLLIM|01|02|12/02/2013|001|000873|01|6|10069323028||DAVILA|ASENJO|BALTAZAR||1|1|1|100.00|0.00|0.00|0.00|0|||0|||||0.00|0.00|
523020075|13/02/2013|HLLIM|01|02|08/02/2013|001|000871|01|6|10069323028||DAVILA|ASENJO|BALTAZAR||1|1|1|130.00|0.00|0.00|0.00|0|||0|||||0.00|0.00|
523020076|13/02/2013|HLLIM|01|02|11/02/2013|001|000872|01|6|10069323028||DAVILA|ASENJO|BALTAZAR||1|1|1|70.00|0.00|0.00|0.00|0|||0|||||0.00|0.00|
523020077|13/02/2013|HLLIM|01|02|06/02/2013|001|000869|01|6|10069323028||DAVILA|ASENJO|BALTAZAR||1|1|1|130.00|0.00|0.00|0.00|0|||0|||||0.00|0.00|
523020078|13/02/2013|HLLIM|01|02|13/02/2013|001|000870|01|6|10069323028||DAVILA|ASENJO|BALTAZAR||1|1|1|70.00|0.00|0.00|0.00|0|||0|||||0.00|0.00|
523020079|13/02/2013|HLLIM|01|02|04/02/2013|001|000866|01|6|10069323028||DAVILA|ASENJO|BALTAZAR||1|1|1|80.00|0.00|0.00|0.00|0|||0|||||0.00|0.00|
523020080|13/02/2013|HLLIM|01|02|05/02/2013|001|000868|01|6|10069323028||DAVILA|ASENJO|BALTAZAR||1|1|1|50.00|0.00|0.00|0.00|0|||0|||||0.00|0.00|
523020081|13/02/2013|HLLIM|01|02|04/02/2013|001|000867|01|6|10069323028||DAVILA|ASENJO|BALTAZAR||1|1|1|50.00|0.00|0.00|0.00|0|||0|||||0.00|0.00|
523020082|13/02/2013|HLLIM|01|02|13/02/2013|001|00567|01|6|10061930057||ZEVALLOS|BRAVO|HECTOR||1|1|1|24.00|0.00|0.00|0.00|0|||0|||||0.00|0.00|
723020070|13/02/2013|HLPUN|01|08|07/02/2013|012|0002063|02|6|20100067910|BRAEDT SA|||||1|1|1|15.25|0.00|2.75|0.00|0|||0|||||0.00|0.00|
723020071|13/02/2013|HLPUN|01|01|06/02/2013|003|000674|02|6|20406528414|FULMITEX E I R L|||||1|1|1|682.20|0.00|122.80|0.00|0|||1|||||0.00|0.00|
723020072|13/02/2013|HLPUN|01|30|31/12/2012|001|2647273|02|6|20432405525|PROCESOS DE MEDIOS DE PAGO SAC|||||1|1|1|1096.97|0.00|197.45|0.00|0|||0|||||0.00|0.00|
723020073|13/02/2013|HLPUN|01|30|31/12/2012|001|2647273|02|6|20100043140|SCOTIABANK PERU SAA|||||1|1|1|13.24|0.00|0.00|0.00|0|||0|||||0.00|0.00|
723020074|13/02/2013|HLPUN|01|30|31/12/2012|001|2647273|02|6|20100053455|BANCO INTERNACIONAL DEL PERU|||||1|1|1|1.04|0.00|0.00|0.00|0|||0|||||0.00|0.00|
723020075|13/02/2013|HLPUN|01|30|31/12/2012|001|2647273|02|6|20100116635|CITIBANK DEL PERU SA|||||1|1|1|3.08|0.00|0.00|0.00|0|||0|||||0.00|0.00|
723020076|13/02/2013|HLPUN|02|30|31/12/2012|001|2647273|03|0|20000000250|BANCOS EMISORES FORANEOS|||||1|1|1|778.37|0.00|0.00|0.00|0|||0|||||0.00|0.00|
823020085|13/02/2013|HLTRU|01|01|13/02/2013|910|0040331|02|6|20101024645|CORPORACION LINDLEY SA|||||1|1|1|373.33|0.00|67.20|0.00|0|||0|||||0.00|0.00|
823020086|13/02/2013|HLTRU|01|01|13/02/2013|0001|000251|01|6|10803967399||PATInO|ARTEAGA|CLAUDIA|ISABELLA|1|1|1|186.35|0.00|33.54|0.00|0|||1|||||0.00|0.00|
823020087|13/02/2013|HLTRU|01|01|11/02/2013|0003|0000981|02|6|20481505608|AHORA LA LIBERTAD|||||1|1|1|80.00|0.00|0.00|0.00|0|||0|||||0.00|0.00|
823020088|13/02/2013|HLTRU|01|01|11/02/2013|0001|000250|01|6|10803967399||PATInO|ARTEAGA|CLAUDIA|ISABELLA|1|1|1|593.22|0.00|106.78|0.00|0|||1|||||0.00|0.00|
823020089|13/02/2013|HLTRU|01|01|11/02/2013|0001|007263|02|6|20481931704|FUSION SRL|||||1|1|1|89.30|0.00|0.00|0.00|0|||0|||||0.00|0.00|
823020090|13/02/2013|HLTRU|01|01|11/02/2013|0001|007264|02|6|20481931704|FUSION SRL|||||1|1|1|307.20|0.00|0.00|0.00|0|||0|||||0.00|0.00|
823020091|13/02/2013|HLTRU|01|01|12/02/2013|0001|004740|01|6|10178768641||VELASQUEZ|RAMOS|ISABEL||1|1|1|34.00|0.00|0.00|0.00|0|||0|||||0.00|0.00|
823020092|13/02/2013|HLTRU|01|01|12/02/2013|0001|007273|02|6|20481931704|FUSION SRL|||||1|1|1|70.00|0.00|0.00|0.00|0|||0|||||0.00|0.00|
823020093|13/02/2013|HLTRU|01|01|12/02/2013|0001|004741|01|6|10178768641||VELASQUEZ|RAMOS|ISABEL||1|1|1|196.80|0.00|0.00|0.00|0|||0|||||0.00|0.00|
823020094|13/02/2013|HLTRU|01|01|13/02/2013|015|0001669|02|6|20170040938|DANPER TRUJILLO SAC|||||1|1|1|36.44|0.00|6.56|0.00|0|||0|||||0.00|0.00|
823020095|13/02/2013|HLTRU|01|01|13/02/2013|0002|004916|01|6|10179152717||REQUE|GUZMAN|MARIA|DE LA CRUZ|1|1|1|126.10|0.00|0.00|0.00|0|||0|||||0.00|0.00|
823020096|13/02/2013|HLTRU|01|01|13/02/2013|0002|000192|02|6|20481996661|REPRESENTACIONES Y SERVICIOS LENIN EIRL|||||1|1|1|103.73|0.00|18.67|0.00|0|||0|||||0.00|0.00|
823020097|13/02/2013|HLTRU|01|01|13/02/2013|133|0197957|02|6|20132373958|CHIMU AGROPECUARIA SA|||||1|1|1|58.98|0.00|10.62|0.00|0|||0|||||0.00|0.00|
823020098|13/02/2013|HLTRU|01|01|13/02/2013|0001|000738|01|6|10421265092||REYES|CIPRA|WILBERT|EDSON|1|1|1|508.47|0.00|91.53|0.00|0|||0|||||0.00|0.00|
923020151|13/02/2013|03285|01|01|13/02/2013|052|0131449|02|6|20467539842|DEPRODECA SAC|||||1|1|1|413.48|0.00|74.43|0.00|0|||0|||||0.00|0.00|
923020152|13/02/2013|03285|01|01|13/02/2013|052|0131448|02|6|20467539842|DEPRODECA SAC|||||1|1|1|30.99|0.00|5.58|0.00|0|||0|||||0.00|0.00|
923020158|13/02/2013|03285|01|01|13/02/2013|430|0002938|02|6|20100971772|TECNOLOGICA DE ALIMENTOS SA|||||1|1|1|190.00|0.00|0.00|0.00|0|||0|||||0.00|0.00|
923020160|13/02/2013|03285|01|01|13/02/2013|481|0011378|02|6|20506421781|FOOD MARKETS SAC|||||1|1|1|263.61|0.00|47.45|0.00|0|||0|||||0.00|0.00|
