322040151|12/04/2012|CUSCO|01|14|10/03/2012|0004|826918246|02|6|20100017491|TELEFONICA DEL PERU SAA|||||1|1|1|175.89|0.00|31.66|0.00|0|||0|||||0.00|0.00|
322040152|12/04/2012|CUSCO|01|14|10/03/2012|0004|826918247|02|6|20100017491|TELEFONICA DEL PERU SAA|||||1|1|1|47.03|0.00|8.47|0.00|0|||0|||||0.00|0.00|
322040153|12/04/2012|CUSCO|01|14|10/03/2012|0004|826918248|02|6|20100017491|TELEFONICA DEL PERU SAA|||||1|1|1|168.01|0.00|30.24|0.00|0|||0|||||0.00|0.00|
322040154|12/04/2012|CUSCO|01|14|10/03/2012|0004|826918252|02|6|20100017491|TELEFONICA DEL PERU SAA|||||1|1|1|47.03|0.00|8.47|0.00|0|||0|||||0.00|0.00|
322040155|12/04/2012|CUSCO|01|14|10/03/2012|0004|826918257|02|6|20100017491|TELEFONICA DEL PERU SAA|||||1|1|1|70.76|0.00|12.74|0.00|0|||0|||||0.00|0.00|
322040156|12/04/2012|CUSCO|01|14|10/03/2012|0004|826918258|02|6|20100017491|TELEFONICA DEL PERU SAA|||||1|1|1|50.13|0.00|9.02|0.00|0|||0|||||0.00|0.00|
322040157|12/04/2012|CUSCO|01|14|10/03/2012|0004|826918259|02|6|20100017491|TELEFONICA DEL PERU SAA|||||1|1|1|45.93|0.00|8.27|0.00|0|||0|||||0.00|0.00|
322040158|12/04/2012|CUSCO|01|14|10/03/2012|0004|826918260|02|6|20100017491|TELEFONICA DEL PERU SAA|||||1|1|1|168.09|0.00|30.26|0.00|0|||0|||||0.00|0.00|
322040159|12/04/2012|CUSCO|01|14|10/03/2012|0004|826918266|02|6|20100017491|TELEFONICA DEL PERU SAA|||||1|1|1|176.78|0.00|31.82|0.00|0|||0|||||0.00|0.00|
322040160|12/04/2012|CUSCO|01|14|10/03/2012|0004|826918268|02|6|20100017491|TELEFONICA DEL PERU SAA|||||1|1|1|160.17|0.00|28.83|0.00|0|||0|||||0.00|0.00|
322040161|12/04/2012|CUSCO|01|14|10/03/2012|0004|826918269|02|6|20100017491|TELEFONICA DEL PERU SAA|||||1|1|1|50.13|0.00|9.02|0.00|0|||0|||||0.00|0.00|
322040162|12/04/2012|CUSCO|01|14|10/03/2012|0004|826918275|02|6|20100017491|TELEFONICA DEL PERU SAA|||||1|1|1|63.22|0.00|11.38|0.00|0|||0|||||0.00|0.00|
322040163|12/04/2012|CUSCO|01|14|10/03/2012|0004|826918280|02|6|20100017491|TELEFONICA DEL PERU SAA|||||1|1|1|45.93|0.00|8.27|0.00|0|||0|||||0.00|0.00|
322040164|12/04/2012|CUSCO|01|14|10/03/2012|0004|826918281|02|6|20100017491|TELEFONICA DEL PERU SAA|||||1|1|1|169.87|0.00|30.58|0.00|0|||0|||||0.00|0.00|
322040165|12/04/2012|CUSCO|01|14|10/03/2012|0004|826918282|02|6|20100017491|TELEFONICA DEL PERU SAA|||||1|1|1|48.35|0.00|8.70|0.00|0|||0|||||0.00|0.00|
322040166|12/04/2012|CUSCO|01|14|10/03/2012|0004|826918283|02|6|20100017491|TELEFONICA DEL PERU SAA|||||1|1|1|45.93|0.00|8.27|0.00|0|||0|||||0.00|0.00|
322040167|12/04/2012|CUSCO|01|14|10/03/2012|0004|826918289|02|6|20100017491|TELEFONICA DEL PERU SAA|||||1|1|1|45.93|0.00|8.27|0.00|0|||0|||||0.00|0.00|
322040168|12/04/2012|CUSCO|01|14|10/03/2012|0004|826918290|02|6|20100017491|TELEFONICA DEL PERU SAA|||||1|1|1|50.13|0.00|9.02|0.00|0|||0|||||0.00|0.00|
322040169|12/04/2012|CUSCO|01|14|10/03/2012|0004|826918295|02|6|20100017491|TELEFONICA DEL PERU SAA|||||1|1|1|45.93|0.00|8.27|0.00|0|||0|||||0.00|0.00|
322040170|12/04/2012|CUSCO|01|14|10/03/2012|0004|826918296|02|6|20100017491|TELEFONICA DEL PERU SAA|||||1|1|1|48.35|0.00|8.70|0.00|0|||0|||||0.00|0.00|
322040171|12/04/2012|CUSCO|01|14|10/03/2012|0004|826918302|02|6|20100017491|TELEFONICA DEL PERU SAA|||||1|1|1|47.03|0.00|8.47|0.00|0|||0|||||0.00|0.00|
322040172|12/04/2012|CUSCO|01|14|10/03/2012|0004|826918303|02|6|20100017491|TELEFONICA DEL PERU SAA|||||1|1|1|48.35|0.00|8.70|0.00|0|||0|||||0.00|0.00|
322040173|12/04/2012|CUSCO|01|14|10/03/2012|0004|826918308|02|6|20100017491|TELEFONICA DEL PERU SAA|||||1|1|1|47.03|0.00|8.47|0.00|0|||0|||||0.00|0.00|
322040174|12/04/2012|CUSCO|01|14|10/03/2012|0004|826918309|02|6|20100017491|TELEFONICA DEL PERU SAA|||||1|1|1|48.35|0.00|8.70|0.00|0|||0|||||0.00|0.00|
322040176|12/04/2012|CUSCO|01|14|31/03/2012|000|1100388019|02|6|20428698569|AMERICATEL PERU S.A.|||||1|1|1|112.42|0.00|20.23|0.00|0|||0|||||0.00|0.00|
322040177|12/04/2012|CUSCO|01|01|10/04/2012|001|000204|01|0|15539919494||VALDEZ|YNGA|FILVER|RICARDO|1|1|1|203.39|0.00|36.61|0.00|0|||0|||||0.00|0.00|
322040178|12/04/2012|CUSCO|01|01|10/04/2012|001|000205|01|0|15539919494||VALDEZ|YNGA|FILVER|RICARDO|1|1|1|67.80|0.00|12.20|0.00|0|||0|||||0.00|0.00|
322040179|12/04/2012|CUSCO|01|01|10/04/2012|001|000206|01|0|15539919494||VALDEZ|YNGA|FILVER|RICARDO|1|1|1|237.29|0.00|42.71|0.00|0|||0|||||0.00|0.00|
322040180|12/04/2012|CUSCO|01|01|11/04/2012|0001|003070|02|6|20526922299|TRANSPORTES TURISTICOS KUTIMUY SOCIEDAD ANONIMA CERRADA|||||2|1|1|6.78|0.00|1.22|0.00|0|||0|||||0.00|0.00|
322040181|12/04/2012|CUSCO|01|01|07/04/2012|021|0000009612|02|6|20450712192|CONSORCIO ESTRELLA JF S.C.R.L.|||||1|1|1|19.32|0.00|3.48|0.00|0|||0|||||0.00|0.00|
322040182|12/04/2012|CUSCO|01|01|12/04/2012|0001|17483|02|6|20527911037|INSTAGAS REPRESENTACIONES Y DISTRIBUCIONES S.A.C.|||||1|1|1|30.93|0.00|5.57|0.00|0|||0|||||0.00|0.00|
322040183|12/04/2012|CUSCO|01|01|10/04/2012|001|0069492|02|6|20450752496|F&J LA CANASTA S.C.R.L.|||||1|1|1|73.22|0.00|13.18|0.00|0|||0|||||0.00|0.00|
322040184|12/04/2012|CUSCO|01|01|10/04/2012|009|0050247|02|6|20450712192|CONSORCIO ESTRELLA JF S.C.R.L.|||||1|1|1|12.71|0.00|2.29|0.00|0|||0|||||0.00|0.00|
322040185|12/04/2012|CUSCO|01|01|10/04/2012|002|0038567|02|6|20527704759|INVERSIONES GUSTAVO S.A.C|||||1|1|1|18.31|0.00|3.29|0.00|0|||0|||||0.00|0.00|
322040186|12/04/2012|CUSCO|01|01|10/04/2012|009|0050248|02|6|20450712192|CONSORCIO ESTRELLA JF S.C.R.L.|||||1|1|1|23.90|0.00|4.30|0.00|0|||0|||||0.00|0.00|
322040187|12/04/2012|CUSCO|01|01|10/04/2012|002|0038566|02|6|20527704759|INVERSIONES GUSTAVO S.A.C|||||1|1|1|48.73|0.00|8.77|0.00|0|||0|||||0.00|0.00|
322040188|12/04/2012|CUSCO|01|01|07/04/2012|009|0049822|02|6|20450712192|CONSORCIO ESTRELLA JF S.C.R.L.|||||1|1|1|18.31|0.00|3.29|0.00|0|||0|||||0.00|0.00|
322040189|12/04/2012|CUSCO|01|01|11/04/2012|0001|03264|02|6|20489976782|VAHUA DISTRIBUCIONES E.I.R.L.|||||1|1|1|139.83|0.00|25.17|0.00|0|||0|||||0.00|0.00|
322040190|12/04/2012|CUSCO|01|01|11/04/2012|0001|15390|02|6|20527817871|A NINOS DISTRIBUCIONES E.I.R.L.|||||1|1|1|20.76|0.00|3.74|0.00|0|||0|||||0.00|0.00|
322040191|12/04/2012|CUSCO|01|01|10/04/2012|002|0038565|02|6|20527704759|INVERSIONES GUSTAVO S.A.C|||||1|1|1|7.63|0.00|1.37|0.00|0|||0|||||0.00|0.00|
322040192|12/04/2012|CUSCO|01|01|11/04/2012|0001|049045|02|6|20527551154|PLASTIQUERIA  PAZ SUR  S.A.C.|||||1|1|1|9.15|0.00|1.65|0.00|0|||0|||||0.00|0.00|
322040193|12/04/2012|CUSCO|01|01|11/04/2012|0001|06152|01|6|10239162601||MAMANI|SAIRE|EMILIA||1|1|1|30.51|0.00|5.49|0.00|0|||0|||||0.00|0.00|
322040194|12/04/2012|CUSCO|01|01|11/04/2012|0001|049057|02|6|20527551154|PLASTIQUERIA  PAZ SUR  S.A.C.|||||1|1|1|13.56|0.00|2.44|0.00|0|||0|||||0.00|0.00|
322040195|12/04/2012|CUSCO|01|01|12/04/2012|0001|17481|02|6|20527911037|INSTAGAS REPRESENTACIONES Y DISTRIBUCIONES S.A.C.|||||1|1|1|61.86|0.00|11.14|0.00|0|||0|||||0.00|0.00|
322040196|12/04/2012|CUSCO|01|01|11/04/2012|0001|0020009|02|6|20401026127|NEGOCIACIONES TUMI S.R.L.|||||1|1|1|88.98|0.00|16.02|0.00|0|||0|||||0.00|0.00|
322040197|12/04/2012|CUSCO|01|01|12/04/2012|002|0030308|02|6|20527292469|LA CASA DEL PLOMERO SAC|||||1|1|1|32.37|0.00|5.83|0.00|0|||0|||||0.00|0.00|
322040198|12/04/2012|CUSCO|01|01|11/04/2012|0002|17472|01|6|10238991027||OLIVERA|PIMIENTA|LIDIA|ADOLFINA|1|1|1|46.61|0.00|8.39|0.00|0|||0|||||0.00|0.00|
322045011|12/04/2012|CUSCO|01|01|02/04/2012|002|005983|02|6|20136852745|IBEROJET PERU S.A.|||||2|1|1|17.98|0.00|3.23|0.00|0|||0|||||0.00|0.00|
