123020017|07/02/2013|CORP|01|01|28/01/2013|610|0009415|02|6|20100128056|SAGA FALABELLA SA|||||1|1|1|300.00|0.00|0.00|0.00|0|||0|||||0.00|0.00|
123020018|07/02/2013|CORP|01|01|28/01/2013|610|0009414|02|6|20100128056|SAGA FALABELLA SA|||||1|1|1|300.00|0.00|0.00|0.00|0|||0|||||0.00|0.00|
123020019|07/02/2013|CORP|01|01|25/01/2013|610|0009405|02|6|20100128056|SAGA FALABELLA SA|||||1|1|1|80.51|0.00|14.49|0.00|0|||0|||||0.00|0.00|
123020020|07/02/2013|CORP|01|01|20/01/2013|001|021286|02|6|20474693920|YDE WATANABE SAC|||||1|1|1|110.17|0.00|19.83|0.00|0|||0|||||0.00|0.00|
123020021|07/02/2013|CORP|01|01|09/01/2013|997|0000085183|02|6|20133840533|INDECOPI|||||1|1|1|38.46|0.00|0.00|0.00|0|||0|||||0.00|0.00|
123020022|07/02/2013|CORP|01|01|30/01/2013|004|0006018|02|6|20510274009|ECOLAB PERU HOLDINGS SRL|||||2|1|1|178.16|0.00|32.07|0.00|0|||1|||||0.00|0.00|
123020023|07/02/2013|CORP|01|01|30/01/2013|004|0006019|02|6|20510274009|ECOLAB PERU HOLDINGS SRL|||||2|1|1|1766.73|0.00|318.01|0.00|0|||1|||||0.00|0.00|
123020024|07/02/2013|CORP|01|01|30/01/2013|004|0006020|02|6|20510274009|ECOLAB PERU HOLDINGS SRL|||||2|1|1|516.83|0.00|93.03|0.00|0|||1|||||0.00|0.00|
123020025|07/02/2013|CORP|01|01|04/02/2013|001|002002|01|6|10094924010||GARCIA|RAMIREZ|LUCIA|LILIANA|1|1|1|76.27|0.00|13.73|0.00|0|||0|||||0.00|0.00|
123020026|07/02/2013|CORP|01|01|16/01/2013|001|0025340|02|6|20504039120|EULEN DEL PERU DE SERVICIOS COMPLEMENTARIOS SA|||||1|1|1|3561.24|0.00|641.02|0.00|1|22|19779989|0|||||0.00|0.00|
123020027|07/02/2013|CORP|01|01|05/02/2013|610|0009465|02|6|20100128056|SAGA FALABELLA SA|||||1|1|1|400.00|0.00|0.00|0.00|0|||0|||||0.00|0.00|
123020028|07/02/2013|CORP|01|01|05/02/2013|610|0009457|02|6|20100128056|SAGA FALABELLA SA|||||1|1|1|719.49|0.00|129.51|0.00|0|||0|||||0.00|0.00|
123020029|07/02/2013|CORP|01|01|05/02/2013|610|0009459|02|6|20100128056|SAGA FALABELLA SA|||||1|1|1|592.37|0.00|106.63|0.00|0|||0|||||0.00|0.00|
123020030|07/02/2013|CORP|01|01|05/02/2013|610|0009458|02|6|20100128056|SAGA FALABELLA SA|||||1|1|1|592.37|0.00|106.63|0.00|0|||0|||||0.00|0.00|
123020031|07/02/2013|CORP|01|01|05/02/2013|610|0009460|02|6|20100128056|SAGA FALABELLA SA|||||1|1|1|1355.08|0.00|243.92|0.00|0|||0|||||0.00|0.00|
123020032|07/02/2013|CORP|01|01|05/02/2013|610|0009461|02|6|20100128056|SAGA FALABELLA SA|||||1|1|1|719.49|0.00|129.51|0.00|0|||0|||||0.00|0.00|
123020033|07/02/2013|CORP|01|01|05/02/2013|610|0009464|02|6|20100128056|SAGA FALABELLA SA|||||1|1|1|300.00|0.00|0.00|0.00|0|||0|||||0.00|0.00|
223020014|07/02/2013|HLAQP|01|01|01/02/2013|0001|012613|02|6|20273399993|LA SUREnITA EIRL|||||1|1|1|23.73|0.00|4.27|0.00|0|||0|||||0.00|0.00|
223020015|07/02/2013|HLAQP|01|01|01/02/2013|004|005365|02|6|20218889744|LONCHERITA DISTRIBUCIONES EIRL|||||1|1|1|128.07|0.00|23.05|0.00|0|||1|||||0.00|0.00|
223020016|07/02/2013|HLAQP|01|01|04/02/2013|001|0214815|02|6|20217343730|REPRESENTACIONES TAGLE SAC|||||1|1|1|201.74|0.00|36.31|0.00|0|||0|||||0.00|0.00|
223020017|07/02/2013|HLAQP|01|01|02/02/2013|1792|0010468|02|6|20100176450|REPSOL GAS DEL PERU SA|||||1|1|1|6987.72|0.00|1257.79|0.00|0|||0|||||0.00|0.00|
223020018|07/02/2013|HLAQP|01|01|04/02/2013|001|040764|01|6|10294339715||RODRIGUEZ|VELASQUEZ|SONIA|YOLANDA|1|1|1|152.78|0.00|0.00|0.00|0|||0|||||0.00|0.00|
223020019|07/02/2013|HLAQP|01|01|01/02/2013|001|07114|01|6|10294545951||RUIZ|DE QUISPE|VIRGINIA||1|1|1|141.55|0.00|0.00|0.00|0|||0|||||0.00|0.00|
223020020|07/02/2013|HLAQP|01|01|01/02/2013|001|07124|01|6|10294545951||RUIZ|DE QUISPE|VIRGINIA||1|1|1|12.00|0.00|0.00|0.00|0|||0|||||0.00|0.00|
223020021|07/02/2013|HLAQP|01|01|01/02/2013|001|07125|01|6|10294545951||RUIZ|DE QUISPE|VIRGINIA||1|1|1|216.80|0.00|0.00|0.00|0|||0|||||0.00|0.00|
223020022|07/02/2013|HLAQP|01|01|01/02/2013|001|07118|01|6|10294545951||RUIZ|DE QUISPE|VIRGINIA||1|1|1|194.80|0.00|0.00|0.00|0|||0|||||0.00|0.00|
223020023|07/02/2013|HLAQP|01|01|03/02/2013|2472|0557840|02|6|20100113610|UNION DE CER PER BACKUS Y JOHNSTON SAA|||||1|1|1|128.81|0.00|23.19|0.00|0|||0|||||0.00|0.00|
223020024|07/02/2013|HLAQP|01|01|01/02/2013|002|1895|01|6|10296757239||VERA|VILLAFUERTE|PATRICIA|ISABEL|1|1|1|366.90|0.00|0.00|0.00|0|||0|||||0.00|0.00|
223020025|07/02/2013|HLAQP|01|01|02/02/2013|0002|015927|02|6|20273780646|IMPORTACIONES SUAREZ EIRL|||||1|1|1|46.19|0.00|8.31|0.00|0|||0|||||0.00|0.00|
223020026|07/02/2013|HLAQP|01|01|02/02/2013|006|027406|02|6|20100238153|MACIR COMERCIAL SAC|||||1|1|1|21.19|0.00|3.81|0.00|0|||1|||||0.00|0.00|
223020027|07/02/2013|HLAQP|01|01|01/02/2013|0001|004487|02|6|20498498931|QUALITY SUPPORT SAC|||||1|1|1|315.00|0.00|56.70|0.00|0|||0|||||0.00|0.00|
223020028|07/02/2013|HLAQP|01|01|01/02/2013|001|026427|02|6|20187719187|ASOCIACION DE HOTELES RESTAURANTES Y AFINES|||||1|1|1|57.00|0.00|0.00|0.00|0|||0|||||0.00|0.00|
223020029|07/02/2013|HLAQP|01|30|31/01/2013|002|0000261843|02|6|20100118760|DINERS CLUB PERU SA|||||1|1|1|64.00|0.00|11.52|0.00|0|||0|||||0.00|0.00|
223020030|07/02/2013|HLAQP|01|30|31/01/2013|001|001261193|02|6|20467737300|COMPANIA DE SERVICIOS CONEXOS EXPRESSNET SAC|||||1|1|1|765.92|0.00|137.87|0.00|0|||0|||||0.00|0.00|
223020031|07/02/2013|HLAQP|01|30|31/01/2013|001|001261193|02|6|20100047218|BANCO DE CREDITO DEL PERU|||||1|1|1|33.34|0.00|0.00|0.00|0|||0|||||0.00|0.00|
223020032|07/02/2013|HLAQP|01|30|31/01/2013|001|001261193|02|6|20100053455|BANCO INTERNACIONAL DEL PERU|||||1|1|1|167.18|0.00|0.00|0.00|0|||0|||||0.00|0.00|
223020033|07/02/2013|HLAQP|02|30|31/01/2013|001|001261193|03|0|20000000250|BANCOS EMISORES FORANEOS|||||1|1|1|717.95|0.00|0.00|0.00|0|||0|||||0.00|0.00|
223025001|07/02/2013|HLAQP|01|01|30/01/2013|004|0006028|02|6|20510274009|ECOLAB PERU HOLDINGS SRL|||||2|1|1|92.61|0.00|16.67|0.00|0|||1|||||0.00|0.00|
223025002|07/02/2013|HLAQP|01|01|30/01/2013|004|0006030|02|6|20510274009|ECOLAB PERU HOLDINGS SRL|||||2|1|1|80.07|0.00|14.41|0.00|0|||1|||||0.00|0.00|
223025003|07/02/2013|HLAQP|01|01|30/01/2013|004|0006029|02|6|20510274009|ECOLAB PERU HOLDINGS SRL|||||2|1|1|517.88|0.00|93.22|0.00|0|||1|||||0.00|0.00|
323020021|07/02/2013|HLCUS|01|03|04/02/2013|001|003778|01|6|10239147017||CANSAYA|HUALLPA|JUAN PABLO||1|1|1|25.00|0.00|0.00|0.00|0|||0|||||0.00|0.00|
323020022|07/02/2013|HLCUS|01|01|05/02/2013|005|0081396|02|6|20317082062|PLASTICOS 2000 SRL|||||1|1|1|237.29|0.00|42.71|0.00|0|||0|||||0.00|0.00|
323020023|07/02/2013|HLCUS|01|02|05/02/2013|0001|000083|02|6|10448484586|ROJO CCALLO MARCUSA|||||1|1|1|300.00|0.00|0.00|0.00|0|||0|||||0.00|0.00|
323020024|07/02/2013|HLCUS|01|02|01/02/2013|0001|000082|02|6|10448484586|ROJO CCALLO MARCUSA|||||1|1|1|300.00|0.00|0.00|0.00|0|||0|||||0.00|0.00|
323020025|07/02/2013|HLCUS|01|01|06/02/2013|0001|001968|02|6|10238817451|APAZA PEREZ FERMIN SATURNINO|||||1|1|1|254.24|0.00|45.76|0.00|0|||0|||||0.00|0.00|
323020026|07/02/2013|HLCUS|01|01|07/02/2013|0001|001967|02|6|10238817451|APAZA PEREZ FERMIN SATURNINO|||||1|1|1|203.39|0.00|36.61|0.00|0|||0|||||0.00|0.00|
323020027|07/02/2013|HLCUS|01|01|05/02/2013|0001|014176|01|6|10238473751||MESCCO|CONDE|LUZMILA||1|1|1|23.73|0.00|4.27|0.00|0|||0|||||0.00|0.00|
323020028|07/02/2013|HLCUS|01|01|04/02/2013|0002|018189|02|6|20527975604|AM DISTRIBUIDORA EIRL|||||1|1|1|131.86|0.00|23.74|0.00|0|||0|||||0.00|0.00|
323020029|07/02/2013|HLCUS|01|01|05/02/2013|0001|000286|01|6|10412192538||SALAS|SANCHEZ|MARIVEL||1|1|1|254.24|0.00|45.76|0.00|0|||0|||||0.00|0.00|
823020049|07/02/2013|HLTRU|01|01|01/02/2013|001|0131853|02|6|20146824499|CAMARA DE COMERCIO DE LA LIBERTAD|||||1|1|1|250.00|0.00|0.00|0.00|0|||0|||||0.00|0.00|
823020050|07/02/2013|HLTRU|01|01|07/02/2013|0001|0019479|02|6|20440395164|CAPRI S BULLS SRL|||||1|1|1|323.39|0.00|58.21|0.00|0|||1|||||0.00|0.00|
823020051|07/02/2013|HLTRU|01|01|07/02/2013|0001|007204|02|6|20481931704|FUSION SRL|||||1|1|1|25.00|0.00|0.00|0.00|0|||0|||||0.00|0.00|
823020052|07/02/2013|HLTRU|01|01|07/02/2013|013|0041010|02|6|20100067910|BRAEDT SA|||||1|1|1|228.00|0.00|41.04|0.00|0|||0|||||0.00|0.00|
823020053|07/02/2013|HLTRU|01|01|07/02/2013|013|0041003|02|6|20100067910|BRAEDT SA|||||1|1|1|1002.04|0.00|180.37|0.00|0|||0|||||0.00|0.00|
823020056|07/02/2013|HLTRU|01|01|07/02/2013|011|0077931|02|6|20100211115|FABRICA DE CHOCOLATES LA IBERICA SA|||||1|1|1|944.91|0.00|170.09|0.00|0|||1|||||0.00|0.00|
823025001|07/02/2013|HLTRU|01|01|30/01/2013|004|0006033|02|6|20510274009|ECOLAB PERU HOLDINGS SRL|||||2|1|1|133.56|0.00|24.04|0.00|0|||1|||||0.00|0.00|
823025002|07/02/2013|HLTRU|01|01|30/01/2013|004|0006031|02|6|20510274009|ECOLAB PERU HOLDINGS SRL|||||2|1|1|123.05|0.00|22.15|0.00|0|||1|||||0.00|0.00|
823025003|07/02/2013|HLTRU|01|01|30/01/2013|004|0006032|02|6|20510274009|ECOLAB PERU HOLDINGS SRL|||||2|1|1|525.89|0.00|94.66|0.00|0|||1|||||0.00|0.00|
923020120|07/02/2013|03285|01|01|07/02/2013|012|0090708|02|6|20100067910|BRAEDT SA|||||1|1|1|425.00|0.00|76.50|0.00|0|||0|||||0.00|0.00|
923020128|07/02/2013|03285|01|01|07/02/2013|002|008832|02|6|20146897020|GRANJA ESCUELA DE YUCAY|||||1|1|1|118.64|0.00|21.36|0.00|0|||1|||||0.00|0.00|
923020144|07/02/2013|03285|01|01|07/02/2013|0001|10741|01|6|10253029710||AUCCACUSI|DEVALDERRAMA|ERASMA||1|1|1|23.00|0.00|0.00|0.00|0|||0|||||0.00|0.00|
923020170|07/02/2013|03285|01|02|07/02/2013|0001|000133|01|6|10456305461||NEGRON|CUENTAS|LEONARD||1|1|1|900.00|0.00|0.00|0.00|0|||0|||||0.00|0.00|
923020195|07/02/2013|03285|01|01|07/02/2013|001|001436|02|6|20406524699|ALIMENTOS NUTRITIVOS ANDINOS EIRL|||||1|1|1|75.00|0.00|13.50|0.00|0|||0|||||0.00|0.00|
923020219|07/02/2013|03285|01|01|07/02/2013|003|0003536|02|6|20490904639|D SANTIAGO EIRL|||||1|1|1|128.81|0.00|23.19|0.00|0|||0|||||0.00|0.00|
923020294|07/02/2013|03285|01|01|07/02/2013|001|00947|02|6|20450512932|PREVENTIVE MEDICAL CENTER ERGONOMIC EIRL|||||1|1|1|1529.00|0.00|275.22|0.00|1||243600127|0|||||0.00|0.00|
923025003|07/02/2013|03285|01|01|23/01/2013|002|0035269|02|6|20100140692|CONDOR TRAVEL SA|||||2|1|1|27.50|0.00|4.95|0.00|0|||0|||||0.00|0.00|
923025004|07/02/2013|03285|01|09|21/01/2013|002|0035220|02|6|20100140692|CONDOR TRAVEL SA|||||2|1|1|65.00|0.00|11.70|0.00|0|||0|||||0.00|0.00|
923025005|07/02/2013|03285|01|01|24/01/2013|1900|0001042|02|6|20100176450|REPSOL GAS DEL PERU SA|||||1|1|1|11606.60|0.00|2089.19|0.00|0|||0|||||0.00|0.00|
923025006|07/02/2013|03285|01|01|30/01/2013|004|0006021|02|6|20510274009|ECOLAB PERU HOLDINGS SRL|||||2|1|1|153.27|0.00|27.59|0.00|0|||1|||||0.00|0.00|
923025007|07/02/2013|03285|01|01|30/01/2013|004|0006022|02|6|20510274009|ECOLAB PERU HOLDINGS SRL|||||2|1|1|2338.24|0.00|420.88|0.00|0|||1|||||0.00|0.00|
923025008|07/02/2013|03285|01|01|30/01/2013|004|0006023|02|6|20510274009|ECOLAB PERU HOLDINGS SRL|||||2|1|1|622.44|0.00|112.04|0.00|0|||1|||||0.00|0.00|
323020030|07/02/2013|HLCUS|01|01|04/02/2013|0001|000097|02|6|10800137441|CHOQUEPATA CRUZ VICTOR|||||1|1|1|88.14|0.00|15.86|0.00|0|||0|||||0.00|0.00|
323020031|07/02/2013|HLCUS|01|01|05/02/2013|0001|28497|02|6|20490049828|CUSCOMAC SCRL|||||1|1|1|16.95|0.00|3.05|0.00|0|||0|||||0.00|0.00|
323020032|07/02/2013|HLCUS|01|01|06/02/2013|0001|41252|02|6|20526947101|FERRETERIA 24 HORAS SCRL|||||1|1|1|19.49|0.00|3.51|0.00|0|||0|||||0.00|0.00|
323020033|07/02/2013|HLCUS|01|01|06/02/2013|0001|41251|02|6|20526947101|FERRETERIA 24 HORAS SCRL|||||1|1|1|12.29|0.00|2.21|0.00|0|||0|||||0.00|0.00|
323020034|07/02/2013|HLCUS|01|01|05/02/2013|003|0017699|02|6|20485088041|VDC REPRESENTACIONES EIRL|||||1|1|1|133.90|0.00|24.10|0.00|0|||0|||||0.00|0.00|
323020035|07/02/2013|HLCUS|01|01|05/02/2013|007|0001585|02|6|20546199445|PLACACENTROS MASISA PERU SAC|||||1|1|1|230.00|0.00|41.40|0.00|0|||0|||||0.00|0.00|
323020036|07/02/2013|HLCUS|01|01|07/02/2013|007|0001586|02|6|20546199445|PLACACENTROS MASISA PERU SAC|||||1|1|1|128.80|0.00|23.18|0.00|0|||0|||||0.00|0.00|
323020037|07/02/2013|HLCUS|01|12|02/02/2013|007|0000000585|02|6|20490715585|SUR MERCADOS SAC|||||1|1|1|18.50|0.00|3.33|0.00|0|||0|||||0.00|0.00|
323020038|07/02/2013|HLCUS|01|12|02/02/2013|2105|1302020094|02|6|20112273922|MAESTRO PERU SA|||||1|1|1|175.53|0.00|31.59|0.00|0|||0|||||0.00|0.00|
323020039|07/02/2013|HLCUS|01|03|01/02/2013|0001|001632|01|6|10250034879||ILLA|QUISPE|ZENOBIA||1|1|1|200.00|0.00|0.00|0.00|0|||0|||||0.00|0.00|
323020040|07/02/2013|HLCUS|01|02|01/02/2013|0002|00004|01|6|10801299836||CONDO|VILLACA|RAUL PERCI||1|1|1|300.00|0.00|0.00|0.00|0|||0|||||0.00|0.00|
323020041|07/02/2013|HLCUS|01|01|04/02/2013|0001|000335|01|6|10482640350||OLIVARES|AREANAS|PAUL||1|1|1|211.86|0.00|38.14|0.00|0|||0|||||0.00|0.00|
323020042|07/02/2013|HLCUS|01|01|01/02/2013|001|0001695|01|6|10238217909||ROBLES|MIRANDA|DIMAS||1|1|1|127.12|0.00|22.88|0.00|0|||0|||||0.00|0.00|
323020043|07/02/2013|HLCUS|01|02|06/02/2013|0002|0000059|01|6|10239615037||REYES|LASTRA|SAUL||1|1|1|200.00|0.00|0.00|0.00|0|||0|||||0.00|0.00|
323020044|07/02/2013|HLCUS|01|01|02/02/2013|0002|000442|01|6|10416158521||LIZARASO|ENRIQUEZ|KARLA EUNICE||1|1|1|183.05|0.00|32.95|0.00|0|||0|||||0.00|0.00|
323020045|07/02/2013|HLCUS|01|01|02/02/2013|001|0026827|02|6|20490172433|CORPORACION 2010 SAC|||||1|1|1|224.76|0.00|40.46|0.00|0|||0|||||0.00|0.00|
323020046|07/02/2013|HLCUS|01|01|01/02/2013|0001|28372|02|6|20490049828|CUSCOMAC SCRL|||||1|1|1|30.68|0.00|5.52|0.00|0|||0|||||0.00|0.00|
323020047|07/02/2013|HLCUS|01|01|04/02/2013|001|012722|01|6|10239250683||MAYORGA|DELGADO|CLOTILDE|MARIZOL|1|1|1|61.02|0.00|10.98|0.00|0|||0|||||0.00|0.00|
323020048|07/02/2013|HLCUS|01|01|01/02/2013|009|00016378|02|6|20524254094|GRUPO TECNOLOGICO AUTOMOTRIZ SAC|||||1|1|1|67.80|0.00|12.20|0.00|0|||0|||||0.00|0.00|
323025002|07/02/2013|HLCUS|01|01|23/01/2013|1856|0002910|02|6|20100176450|REPSOL GAS DEL PERU SA|||||1|1|1|2901.55|0.00|522.28|0.00|0|||0|||||0.00|0.00|
323025003|07/02/2013|HLCUS|02|91|05/02/2013|000|H0012371|03|0|00000000056|STAGE AND SCREEN TRAVEL SERVICES|||||2|1|1|244.36|0.00|0.00|0.00|0|||0|||||0.00|0.00|
523020007|07/02/2013|HLLIM|01|01|02/01/2013|002|0034768|02|6|20100140692|CONDOR TRAVEL SA|||||2|1|1|16.00|0.00|2.88|0.00|0|||0|||||0.00|0.00|
623025002|07/02/2013|03513|01|01|30/01/2013|004|0006036|02|6|20510274009|ECOLAB PERU HOLDINGS SRL|||||2|1|1|1268.95|0.00|228.41|0.00|0|||1|||||0.00|0.00|
623025003|07/02/2013|03513|01|01|30/01/2013|004|0006035|02|6|20510274009|ECOLAB PERU HOLDINGS SRL|||||2|1|1|3752.38|0.00|675.43|0.00|0|||1|||||0.00|0.00|
623025004|07/02/2013|03513|01|01|30/01/2013|004|0006034|02|6|20510274009|ECOLAB PERU HOLDINGS SRL|||||2|1|1|215.93|0.00|38.87|0.00|0|||1|||||0.00|0.00|
723025001|07/02/2013|HLPUN|01|01|24/01/2013|1674|0005850|02|6|20100176450|REPSOL GAS DEL PERU SA|||||1|1|1|11604.45|0.00|2088.80|0.00|0|||0|||||0.00|0.00|
723025002|07/02/2013|HLPUN|01|01|19/01/2013|1936|0000897|02|6|20100176450|REPSOL GAS DEL PERU SA|||||1|1|1|2901.54|0.00|522.28|0.00|0|||0|||||0.00|0.00|
723025003|07/02/2013|HLPUN|01|01|24/01/2013|1674|0005848|02|6|20100176450|REPSOL GAS DEL PERU SA|||||1|1|1|1450.77|0.00|261.14|0.00|0|||0|||||0.00|0.00|
723025004|07/02/2013|HLPUN|01|01|30/01/2013|004|0006027|02|6|20510274009|ECOLAB PERU HOLDINGS SRL|||||2|1|1|1471.80|0.00|264.92|0.00|0|||1|||||0.00|0.00|
723025005|07/02/2013|HLPUN|01|01|30/01/2013|004|0006026|02|6|20510274009|ECOLAB PERU HOLDINGS SRL|||||2|1|1|372.53|0.00|67.05|0.00|0|||1|||||0.00|0.00|
723025006|07/02/2013|HLPUN|01|01|30/01/2013|004|0006024|02|6|20510274009|ECOLAB PERU HOLDINGS SRL|||||2|1|1|116.13|0.00|20.91|0.00|0|||1|||||0.00|0.00|
823020001|07/02/2013|HLTRU|01|01|01/02/2013|0001|000518|02|6|20481620709|SERBAMAN SAC|||||1|1|1|700.00|0.00|126.00|0.00|1|020|181320701072959|0|||||0.00|0.00|
823020002|07/02/2013|HLTRU|01|14|01/02/2013|106|11152056-13|02|6|20131911310|SEDALIB SA|||||1|1|1|38.46|0.00|6.92|0.00|0|||0|||||0.00|0.00|
823020003|07/02/2013|HLTRU|01|14|01/02/2013|106|11152055-50|02|6|20131911310|SEDALIB SA|||||1|1|1|34.02|0.00|6.12|0.00|0|||0|||||0.00|0.00|
823020004|07/02/2013|HLTRU|01|14|19/01/2013|001|04066070|02|6|20510944764|DIRECTV PERU SRL|||||1|1|1|2034.63|0.00|366.24|0.00|0|||0|||||0.00|0.00|
823020005|07/02/2013|HLTRU|01|14|04/02/2013|501|28835875|02|6|20132023540|HIDRANDINA SA|||||1|1|1|9186.95|0.00|1653.65|0.00|0|||0|||||0.00|0.00|
823020006|07/02/2013|HLTRU|01|01|01/02/2013|0001|007130|02|6|20481931704|FUSION SRL|||||1|1|1|10.00|0.00|0.00|0.00|0|||0|||||0.00|0.00|
823020007|07/02/2013|HLTRU|01|01|01/02/2013|0001|007110|02|6|20481931704|FUSION SRL|||||1|1|1|82.20|0.00|14.80|0.00|0|||0|||||0.00|0.00|
823020008|07/02/2013|HLTRU|01|01|01/02/2013|0001|007142|02|6|20481931704|FUSION SRL|||||1|1|1|22.03|0.00|3.97|0.00|0|||0|||||0.00|0.00|
823020009|07/02/2013|HLTRU|01|01|01/02/2013|0001|007145|02|6|20481931704|FUSION SRL|||||1|1|1|191.90|0.00|0.00|0.00|0|||0|||||0.00|0.00|
823020010|07/02/2013|HLTRU|01|01|01/02/2013|0001|007141|02|6|20481931704|FUSION SRL|||||1|1|1|2.00|0.00|0.00|0.00|0|||0|||||0.00|0.00|
823020011|07/02/2013|HLTRU|01|01|01/02/2013|0001|007143|02|6|20481931704|FUSION SRL|||||1|1|1|549.00|0.00|0.00|0.00|1|035|181322201488106|0|||||0.00|0.00|
823020012|07/02/2013|HLTRU|01|01|01/02/2013|0001|007144|02|6|20481931704|FUSION SRL|||||1|1|1|337.41|0.00|0.00|0.00|1|035|181322201488106|0|||||0.00|0.00|
823020013|07/02/2013|HLTRU|01|01|01/02/2013|0002|004884|01|6|10179152717||REQUE|GUZMAN|MARIA|DE LA CRUZ|1|1|1|500.40|0.00|0.00|0.00|0|||0|||||0.00|0.00|
823020014|07/02/2013|HLTRU|01|01|01/02/2013|0001|0019447|02|6|20440395164|CAPRI S BULLS SRL|||||1|1|1|520.42|0.00|93.68|0.00|0|||1|||||0.00|0.00|
823020015|07/02/2013|HLTRU|01|01|01/02/2013|133|0196282|02|6|20132373958|CHIMU AGROPECUARIA SA|||||1|1|1|108.31|0.00|19.49|0.00|0|||0|||||0.00|0.00|
823020016|07/02/2013|HLTRU|01|01|01/02/2013|0002|002098|02|6|10452270639|PONCE SALCEDO RODRIGO|||||1|1|1|20.00|0.00|0.00|0.00|0|||0|||||0.00|0.00|
823020017|07/02/2013|HLTRU|01|01|01/02/2013|1628|0003528|02|6|20100176450|REPSOL GAS DEL PERU SA|||||1|1|1|2445.70|0.00|440.23|0.00|0|||0|||||0.00|0.00|
823020018|07/02/2013|HLTRU|01|01|01/02/2013|0010|0036860|02|6|20440436618|TIENDAS TIA SAC|||||1|1|1|237.12|0.00|42.68|0.00|0|||1|||||0.00|0.00|
823020019|07/02/2013|HLTRU|01|01|01/02/2013|003|0019446|02|6|20524414041|AIDISA PERU SAC|||||1|1|1|16.11|0.00|2.90|0.00|0|||0|||||0.00|0.00|
823020020|07/02/2013|HLTRU|01|01|31/01/2013|081|0208911|02|6|20467539842|DEPRODECA SAC|||||1|1|1|417.90|0.00|75.22|0.00|0|||0|||||0.00|0.00|
823020021|07/02/2013|HLTRU|01|01|01/02/2013|008|0032596|02|6|20314964897|DISTRIBUIDORA ROMERO SAC|||||1|1|1|412.07|0.00|74.17|0.00|0|||0|||||0.00|0.00|
823020022|07/02/2013|HLTRU|01|01|02/02/2013|001|0010613|02|6|20481378142|REPRESENTACIONES BC EIRL|||||1|1|1|203.39|0.00|36.61|0.00|0|||0|||||0.00|0.00|
823020023|07/02/2013|HLTRU|01|01|04/02/2013|0001|001720|02|6|20482735721|INVERSIONES AGAL FAM EIRL|||||1|1|1|305.08|0.00|54.92|0.00|0|||0|||||0.00|0.00|
823020024|07/02/2013|HLTRU|01|01|04/02/2013|243|0028240|02|6|20100538203|ASOC PERUANA DE AUTORES Y COMPOSITORES|||||1|1|1|400.00|0.00|0.00|0.00|0|||0|||||0.00|0.00|
823020025|07/02/2013|HLTRU|01|01|04/02/2013|0001|004731|01|6|10178768641||VELASQUEZ|RAMOS|ISABEL||1|1|1|254.35|0.00|0.00|0.00|0|||0|||||0.00|0.00|
823020026|07/02/2013|HLTRU|01|01|04/02/2013|001|0136235|02|6|20131977761|COMERCIAL ESTRELLA SRLTDA|||||1|1|1|91.53|0.00|16.47|0.00|0|||0|||||0.00|0.00|
823020027|07/02/2013|HLTRU|01|01|04/02/2013|0005|0006216|01|6|10179179640||VILLARRUEL|DE CABEL|MARIA|EDITH|1|1|1|25.42|0.00|4.58|0.00|0|||0|||||0.00|0.00|
823020028|07/02/2013|HLTRU|01|01|04/02/2013|081|0209234|02|6|20467539842|DEPRODECA SAC|||||1|1|1|408.72|0.00|73.57|0.00|0|||0|||||0.00|0.00|
823020029|07/02/2013|HLTRU|01|01|04/02/2013|001|0080647|02|6|20354793416|GRIFO AMIGO SA|||||1|1|1|112.88|0.00|20.32|0.00|0|||0|||||0.00|0.00|
823020030|07/02/2013|HLTRU|01|01|04/02/2013|001|000843|02|6|20545151112|MILKAL SOCIEDAD ANONIMA CERRADA  MILKAL SAC|||||1|1|1|344.75|0.00|62.06|0.00|0|||0|||||0.00|0.00|
823020031|07/02/2013|HLTRU|01|01|05/02/2013|0002|004895|01|6|10179152717||REQUE|GUZMAN|MARIA|DE LA CRUZ|1|1|1|363.40|0.00|0.00|0.00|0|||0|||||0.00|0.00|
823020032|07/02/2013|HLTRU|01|01|05/02/2013|015|0001662|02|6|20170040938|DANPER TRUJILLO SAC|||||1|1|1|36.44|0.00|6.56|0.00|0|||0|||||0.00|0.00|
823020033|07/02/2013|HLTRU|01|01|05/02/2013|103|0006934|02|6|20133823019|GRANJA LAS CASUARINAS SAC|||||1|1|1|217.30|0.00|39.11|0.00|0|||1|||||0.00|0.00|
823020034|07/02/2013|HLTRU|01|01|06/02/2013|019|0116645|02|6|20132162230|EMPRESA EDITORA LA INDUSTRIA DE TRUJILLO SA|||||1|1|1|38.39|0.00|6.91|0.00|0|||0|||||0.00|0.00|
823020035|07/02/2013|HLTRU|01|01|06/02/2013|019|0116646|02|6|20132162230|EMPRESA EDITORA LA INDUSTRIA DE TRUJILLO SA|||||1|1|1|38.39|0.00|6.91|0.00|0|||0|||||0.00|0.00|
823020036|07/02/2013|HLTRU|01|01|06/02/2013|019|0116647|02|6|20132162230|EMPRESA EDITORA LA INDUSTRIA DE TRUJILLO SA|||||1|1|1|38.39|0.00|6.91|0.00|0|||0|||||0.00|0.00|
823020037|07/02/2013|HLTRU|01|01|06/02/2013|019|0116648|02|6|20132162230|EMPRESA EDITORA LA INDUSTRIA DE TRUJILLO SA|||||1|1|1|38.39|0.00|6.91|0.00|0|||0|||||0.00|0.00|
823020038|07/02/2013|HLTRU|01|01|06/02/2013|133|0196969|02|6|20132373958|CHIMU AGROPECUARIA SA|||||1|1|1|90.16|0.00|16.24|0.00|0|||0|||||0.00|0.00|
823020039|07/02/2013|HLTRU|01|01|06/02/2013|001|000103|02|6|20477589716|MILK CHEESE EIRL|||||1|1|1|132.18|0.00|23.79|0.00|0|||0|||||0.00|0.00|
823020040|07/02/2013|HLTRU|01|01|06/02/2013|010|002317|02|6|20482244310|AGRO FRANCCESCA EIRL|||||1|1|1|309.00|0.00|0.00|0.00|0|||0|||||0.00|0.00|
823020041|07/02/2013|HLTRU|01|01|06/02/2013|0002|000190|02|6|20481996661|REPRESENTACIONES Y SERVICIOS LENIN EIRL|||||1|1|1|305.42|0.00|54.98|0.00|0|||0|||||0.00|0.00|
823020042|07/02/2013|HLTRU|01|12|06/02/2013|0314|002 9581|02|6|20508565934|HIPERMERCADOS TOTTUS SA|||||1|1|1|95.36|0.00|17.16|0.00|0|||0|||||0.00|0.00|
823020043|07/02/2013|HLTRU|01|01|06/02/2013|0001|007200|02|6|20481931704|FUSION SRL|||||1|1|1|22.00|0.00|0.00|0.00|0|||0|||||0.00|0.00|
823020044|07/02/2013|HLTRU|01|01|06/02/2013|0001|007199|02|6|20481931704|FUSION SRL|||||1|1|1|5.08|0.00|0.92|0.00|0|||0|||||0.00|0.00|
823020045|07/02/2013|HLTRU|01|01|04/02/2013|0001|004733|01|6|10178768641||VELASQUEZ|RAMOS|ISABEL||1|1|1|25.20|0.00|0.00|0.00|1|035|181322201488779|0|||||0.00|0.00|
823020046|07/02/2013|HLTRU|01|01|06/02/2013|910|0040100|02|6|20101024645|CORPORACION LINDLEY SA|||||1|1|1|305.58|0.00|55.00|0.00|0|||0|||||0.00|0.00|
823020047|07/02/2013|HLTRU|01|01|07/02/2013|115|0007314|02|6|20100058503|PURATOS PERU SA|||||1|1|1|238.15|0.00|42.87|0.00|0|||0|||||0.00|0.00|
823020048|07/02/2013|HLTRU|01|01|07/02/2013|0001|007203|02|6|20481931704|FUSION SRL|||||1|1|1|16.00|0.00|0.00|0.00|0|||0|||||0.00|0.00|
