823020060|09/02/2013|HLTRU|01|01|09/02/2013|065|0842150|02|6|20266352337|PRODUCTOS TISSUE DEL PERU SA O PROTISAPERU SA|||||1|1|1|804.31|0.00|144.78|0.00|0|||0|||||0.00|0.00|
823020068|09/02/2013|HLTRU|01|01|09/02/2013|0001|007246|02|6|20481931704|FUSION SRL|||||1|1|1|25.00|0.00|0.00|0.00|0|||0|||||0.00|0.00|
823020069|09/02/2013|HLTRU|01|01|09/02/2013|0001|007249|02|6|20481931704|FUSION SRL|||||1|1|1|10.00|0.00|0.00|0.00|0|||0|||||0.00|0.00|
823020070|09/02/2013|HLTRU|01|01|09/02/2013|0001|007251|02|6|20481931704|FUSION SRL|||||1|1|1|37.63|0.00|6.77|0.00|0|||0|||||0.00|0.00|
823020071|09/02/2013|HLTRU|01|01|09/02/2013|0001|007254|02|6|20481931704|FUSION SRL|||||1|1|1|43.39|0.00|7.81|0.00|0|||0|||||0.00|0.00|
823020072|09/02/2013|HLTRU|01|01|08/02/2013|0001|023724|02|6|20440456562|SUMINISTROS QUIMICOS DEL NORTE EIRL|||||1|1|1|138.00|0.00|24.84|0.00|0|||0|||||0.00|0.00|
823020073|09/02/2013|HLTRU|01|01|08/02/2013|0001|020278|02|6|20131997877|ANA DE FUENTES SRLTDA|||||1|1|1|139.84|0.00|25.17|0.00|0|||0|||||0.00|0.00|
823020074|09/02/2013|HLTRU|01|01|09/02/2013|0195|0019532|02|6|20100176450|REPSOL GAS DEL PERU SA|||||1|1|1|2620.39|0.00|471.67|0.00|0|||0|||||0.00|0.00|
823020075|09/02/2013|HLTRU|01|01|09/02/2013|0001|0019503|02|6|20440395164|CAPRI S BULLS SRL|||||1|1|1|249.49|0.00|44.91|0.00|0|||0|||||0.00|0.00|
823020076|09/02/2013|HLTRU|01|01|09/02/2013|604|0348064|02|6|20204844381|EL ROCIO SA|||||1|1|1|69.12|0.00|12.44|0.00|0|||0|||||0.00|0.00|
823020077|09/02/2013|HLTRU|01|01|09/02/2013|133|0197391|02|6|20132373958|CHIMU AGROPECUARIA SA|||||1|1|1|42.03|0.00|7.57|0.00|0|||0|||||0.00|0.00|
823020078|09/02/2013|HLTRU|01|01|09/02/2013|0002|004908|01|6|10179152717||REQUE|GUZMAN|MARIA|DE LA CRUZ|1|1|1|196.60|0.00|0.00|0.00|0|||0|||||0.00|0.00|
923020113|09/02/2013|03285|01|01|09/02/2013|400|0087523|02|6|20527925682|ANDINO SAC|||||1|1|1|89.78|0.00|16.16|0.00|0|||0|||||0.00|0.00|
923020142|09/02/2013|03285|01|01|09/02/2013|0001|004367|02|6|20490802399|TUTTI FRUTTI DISTRIBUCIONES EIRL|||||1|1|1|124.20|0.00|0.00|0.00|0|||0|||||0.00|0.00|
923020149|09/02/2013|03285|01|01|09/02/2013|065|0842278|02|6|20266352337|PRODUCTOS TISSUE DEL PERU SA O PROTISAPERU SA|||||1|1|1|146.00|0.00|26.28|0.00|0|||0|||||0.00|0.00|
923020150|09/02/2013|03285|01|01|09/02/2013|065|0842277|02|6|20266352337|PRODUCTOS TISSUE DEL PERU SA O PROTISAPERU SA|||||1|1|1|848.15|0.00|152.67|0.00|0|||0|||||0.00|0.00|
923020182|09/02/2013|03285|01|03|09/02/2013|0001|00138|02|6|10239382709|PEREZ GUITIERREZ EUFEMIA|||||1|1|1|70.00|0.00|0.00|0.00|0|||0|||||0.00|0.00|
