813020161|05/02/2013|HLTRU|01|01|05/02/2013|031|150474|03|7|X6A006635||FERNANDEZ||JORGE||2|1|1|260.92|0.00|0.00|26.10|0||||||||0.00|0.00|
813020162|05/02/2013|HLTRU|01|01|05/02/2013|031|150475|03|7|XGA0066192||IRADIER||BERTHA||2|1|1|260.92|0.00|0.00|26.10|0||||||||0.00|0.00|
813020163|05/02/2013|HLTRU|01|01|05/02/2013|031|150476|02|6|20490646320|SATO TRAVELS  SAC|||||2|1|1|899.35|0.00|0.00|89.94|0||||||||0.00|0.00|
713020106|05/02/2013|HLPUN|01|01|05/02/2013|047|089357|02|6|20527433895|SUN GOD EXPEDITIONS TOURS EIRL|||||2|1|1|1298.81|0.00|0.00|129.88|0||||||||0.00|0.00|
713020109|05/02/2013|HLPUN|01|01|05/02/2013|047|089360|02|6|20527433895|SUN GOD EXPEDITIONS TOURS EIRL|||||2|1|1|412.32|0.00|0.00|41.23|0||||||||0.00|0.00|
313020137|05/02/2013|HLCUS|01|01|05/02/2013|055|034031|03|7|047620860||TERRADES||ANTELMO||1|1|1|577.50|0.00|0.00|57.76|0||||||||0.00|0.00|
313020138|05/02/2013|HLCUS|01|01|05/02/2013|055|034032|03|7|TH9899129||YAMANE||NOBUO||1|1|1|563.75|0.00|0.00|56.38|0||||||||0.00|0.00|
313020140|05/02/2013|HLCUS|01|01|05/02/2013|055|034034|03|7|MS5632740||YOSHIDA||AKIHIRO||1|1|1|563.75|0.00|0.00|56.38|0||||||||0.00|0.00|
313020141|05/02/2013|HLCUS|01|01|05/02/2013|055|034035|02|6|20491924447|ANDINA TRAVEL CLUB SAC|||||2|1|1|1030.80|0.00|0.00|103.08|0||||||||0.00|0.00|
313020142|05/02/2013|HLCUS|01|01|05/02/2013|055|034036|03|7|454731719||CID||DONNA EILEEN||2|1|1|850.41|0.00|0.00|85.04|0||||||||0.00|0.00|
313020143|05/02/2013|HLCUS|01|01|05/02/2013|055|034037|03|7|431213914||KOO||MYUNGJIN LEE||2|1|1|850.41|0.00|0.00|85.04|0||||||||0.00|0.00|
313020144|05/02/2013|HLCUS|01|01|05/02/2013|055|034038|03|7|483859291||LEE||YONG BAK||2|1|1|850.41|0.00|0.00|85.04|0||||||||0.00|0.00|
313020145|05/02/2013|HLCUS|01|01|05/02/2013|055|034039|03|7|487334878||FIELD||JOHN EDWARD||2|1|1|850.41|0.00|0.00|85.04|0||||||||0.00|0.00|
313020146|05/02/2013|HLCUS|01|01|05/02/2013|055|034040|03|7|474664500||CHIRRAVURI||JAGANNATH||2|1|1|850.41|0.00|0.00|85.04|0||||||||0.00|0.00|
313020147|05/02/2013|HLCUS|01|01|05/02/2013|055|034041|03|7|TG6232313||SAKAGUCHI||ERI||2|1|1|850.41|0.00|0.00|85.04|0||||||||0.00|0.00|
313020150|05/02/2013|HLCUS|01|01|05/02/2013|055|034044|03|7|488319957||ANDION GONZALEZ||ROGELIO||2|1|1|363.36|0.00|0.00|36.34|0||||||||0.00|0.00|
913020164|05/02/2013|03285|01|01|05/02/2013|061|013922|02|6|20204921807|SOUTH AMERICAN TOURS DEL PERU SA|||||2|1|1|566.94|0.00|0.00|56.69|0||||||||0.00|0.00|
913020168|05/02/2013|03285|01|01|05/02/2013|061|013926|03|7|AD614800||ALBA RIPOLL||JUAN ANTONIO||2|1|1|496.59|0.00|0.00|49.66|0||||||||0.00|0.00|
913020169|05/02/2013|03285|01|01|05/02/2013|061|013927|03|7|AA926086||ALBA GARCIA||JOSE PEDRO||2|1|1|496.59|0.00|0.00|49.66|0||||||||0.00|0.00|
913020172|05/02/2013|03285|01|01|05/02/2013|061|013930|02|6|20204921807|SOUTH AMERICAN TOURS DEL PERU SA|||||2|1|1|10387.89|0.00|0.00|1038.87|0||||||||0.00|0.00|
613020197|05/02/2013|03513|01|01|05/02/2013|082|011731|02|6|20518056582|ANDES NIPPON TOURIST PERU SAC|||||2|1|1|840.10|0.00|0.00|84.01|0||||||||0.00|0.00|
613020198|05/02/2013|03513|01|01|05/02/2013|082|011732|03|7|06AB76238||CEDRIC||DUMINIL||1|1|1|819.50|0.00|0.00|81.96|0||||||||0.00|0.00|
613020202|05/02/2013|03513|01|01|05/02/2013|082|011736|03|7|BF296812||GOMEZ SICILIA||CLAUDIA||1|1|1|205.00|0.00|0.00|20.50|0||||||||0.00|0.00|
613020207|05/02/2013|03513|01|01|05/02/2013|082|011741|03|7|401861611||POWER||GEORGE WILLIAM||1|1|1|3245.00|0.00|0.00|324.52|0||||||||0.00|0.00|
430200514|05/02/2013|03286|01|01|05/02/2013|102|014294|03|7|307006049||MOREY||GERSON||1|1|1|3860.00|0.00|0.00|385.04|0||||||||0.00|0.00|
430200515|05/02/2013|03286|01|01|05/02/2013|102|014295|03|7|036226577||BLANCA MARCANO||CARLOS DANIEL||1|1|1|935.00|0.00|0.00|93.52|0||||||||0.00|0.00|
430200516|05/02/2013|03286|01|01|05/02/2013|102|014296|03|7|CE 110453||FULLERTON||WILLIAM BEWICK||1|1|1|1512.50|0.00|0.00|151.26|0||||||||0.00|0.00|
430200517|05/02/2013|03286|01|01|05/02/2013|102|014297|03|7|461241656||ARKLE||PATRICK ROBIN||1|1|1|545.45|0.00|0.00|54.55|0||||||||0.00|0.00|
430200498|05/02/2013|03286|01|01|05/02/2013|102|014298|03|7|461241656||ARKLE||PATRICK ROBIN||1|1|1|1099.05|0.00|0.00|109.91|0||||||||0.00|0.00|
430200499|05/02/2013|03286|01|01|05/02/2013|102|014299|03|7|449677589||ZEVALLOS||OMAR DANILO||1|1|1|467.50|0.00|0.00|46.76|0||||||||0.00|0.00|
430200502|05/02/2013|03286|01|01|05/02/2013|102|014302|03|7|C4CKV6Y0Z||HOPPE||GEORG||1|1|1|522.50|0.00|0.00|52.26|0||||||||0.00|0.00|
430200503|05/02/2013|03286|01|01|05/02/2013|102|014303|03|7|6583779K||CUADRA CARDENAS||WALDO ANTONIO||1|1|1|578.00|0.00|0.00|57.81|0||||||||0.00|0.00|
430200504|05/02/2013|03286|01|01|05/02/2013|102|014304|03|7|21963449N||LEW||OLIVERIO||1|1|1|1650.00|0.00|0.00|165.00|0||||||||0.00|0.00|
430200505|05/02/2013|03286|01|01|05/02/2013|102|014305|03|7|CC52254783||MAZUERA||CAROLINA||1|1|1|1650.00|0.00|0.00|165.00|0||||||||0.00|0.00|
430200506|05/02/2013|03286|01|01|05/02/2013|102|014306|03|7|043286465||LOPEZ PULIDO||CARLOS IVAN||1|1|1|680.63|0.00|0.00|68.06|0||||||||0.00|0.00|
430200509|05/02/2013|03286|01|01|05/02/2013|102|014309|03|7|27085236N||CASTILLO||SEBASTIAN CRUZ||1|1|1|1485.00|0.00|0.00|148.50|0||||||||0.00|0.00|
430200511|05/02/2013|03286|01|01|05/02/2013|102|014311|01|0|12087966||AMICONE||ALEJANDRO F||1|1|1|2035.00|0.00|0.00|203.52|0||||||||0.00|0.00|
430200512|05/02/2013|03286|01|01|05/02/2013|102|014312|01|0|12087966||AMICONE||ALEJANDRO F||1|1|1|1526.25|0.00|0.00|152.64|0||||||||0.00|0.00|
430200513|05/02/2013|03286|01|01|05/02/2013|102|014313|03|7|5670185||MOLINA MARTINEZ||FRANCISCO||1|1|1|2062.50|0.00|0.00|206.30|0||||||||0.00|0.00|
430200518|05/02/2013|03286|01|01|05/02/2013|102|014314|03|7|21730548N||DONIN||MAXIMILIANO LIONEL||1|1|1|756.25|0.00|0.00|75.63|0||||||||0.00|0.00|
430200519|05/02/2013|03286|01|01|05/02/2013|102|014315|03|7|433053326||SOBCZYNSKI||JEFFREY F||1|1|1|1210.00|0.00|0.00|121.02|0||||||||0.00|0.00|
430200521|05/02/2013|03286|01|01|05/02/2013|102|014317|03|7|FG754462||FORSONI YASBECK||ADRIANO||2|1|1|848.48|0.00|0.00|84.84|0||||||||0.00|0.00|
430200524|05/02/2013|03286|01|01|05/02/2013|102|014320|03|7|488812501||O DAY||SEAN MICHAEL||1|1|1|1361.26|0.00|0.00|136.12|0||||||||0.00|0.00|
430200525|05/02/2013|03286|01|01|05/02/2013|102|014321|03|7|X3242466||SAMANDARI||HAMID||1|1|1|481.25|0.00|0.00|48.13|0||||||||0.00|0.00|
430200528|05/02/2013|03286|01|01|05/02/2013|102|014324|03|7|2393108||ROJAS MORENO||PABLO RENE||1|1|1|303.00|0.00|0.00|30.30|0||||||||0.00|0.00|
430200529|05/02/2013|03286|01|01|05/02/2013|102|014325|03|7|AAD125234||CUESTA DIAZ DE RADA||MARIA M||1|1|1|6116.00|0.00|0.00|611.68|0||||||||0.00|0.00|
430200530|05/02/2013|03286|01|01|05/02/2013|102|014326|03|7|477130564||SALKAR||TEJA DATTARAM||1|1|1|1567.50|0.00|0.00|156.78|0||||||||0.00|0.00|
430200531|05/02/2013|03286|01|01|05/02/2013|102|014327|03|7|AE474674||BRUGADA BELMONTE||NARCISO||1|1|1|1734.00|0.00|0.00|173.43|0||||||||0.00|0.00|
430200532|05/02/2013|03286|01|01|05/02/2013|102|014328|03|7|FD800771||SAEZ||RODRIGO M||1|1|1|1361.26|0.00|0.00|136.12|0||||||||0.00|0.00|
430200533|05/02/2013|03286|01|01|05/02/2013|102|014329|03|7|E7468316||APPAJI||VENKATESHWAR||2|1|1|695.79|0.00|0.00|69.58|0||||||||0.00|0.00|
430200637|05/02/2013|03286|01|01|05/02/2013|102|014330|02|7|710741309|MARTINS DA SILVA KEVIN|||||1|1|1|2475.00|0.00|0.00|247.50|0||||||||0.00|0.00|
430200561|05/02/2013|03286|01|01|05/02/2013|103|010307|03|7|AM762499||FORERO CHILLON||HUGO ARMANDO||2|1|1|538.59|0.00|0.00|53.86|0||||||||0.00|0.00|
430200562|05/02/2013|03286|01|01|05/02/2013|103|010308|03|7|AN397954||ROZO DIAZ||LUIS GUILLERMO||1|1|1|1650.00|0.00|0.00|165.00|0||||||||0.00|0.00|
430200563|05/02/2013|03286|01|01|05/02/2013|103|010309|03|7|038320149||CRUZ BARAHONA||RENE EDGARDO||1|1|1|7425.00|0.00|0.00|742.50|0||||||||0.00|0.00|
430200564|05/02/2013|03286|01|01|05/02/2013|103|010310|03|7|U00934124||YUNEZER||KAAN||1|1|1|1266.00|0.00|0.00|126.62|0||||||||0.00|0.00|
430200565|05/02/2013|03286|01|01|05/02/2013|103|010311|03|7|71331822||FLORES ROJAS||GERARDO EUGENIO||1|1|1|578.00|0.00|0.00|57.81|0||||||||0.00|0.00|
430200566|05/02/2013|03286|01|01|05/02/2013|103|010312|03|7|70602873||ZUnIGA CADENASSO||SERGIO LUIS||1|1|1|578.00|0.00|0.00|57.81|0||||||||0.00|0.00|
430200567|05/02/2013|03286|01|01|05/02/2013|103|010313|03|7|AN529787||ESCOBAR HOYOS||MARIA CLAUDIA||1|1|1|1292.00|0.00|0.00|129.22|0||||||||0.00|0.00|
430200569|05/02/2013|03286|01|01|05/02/2013|103|010315|03|7|22501803N||MEDINA||MARTIN FERNANDO||1|1|1|1210.00|0.00|0.00|121.02|0||||||||0.00|0.00|
430200570|05/02/2013|03286|01|01|05/02/2013|103|010316|03|7|06PD02926||GILINSKI BACAL||JAIME||1|1|1|2997.50|0.00|0.00|299.76|0||||||||0.00|0.00|
430200571|05/02/2013|03286|01|01|05/02/2013|103|010317|03|7|1848884||GILINSKI KARDONSKI||GABRIEL||1|1|1|1650.00|0.00|0.00|165.00|0||||||||0.00|0.00|
430200572|05/02/2013|03286|01|01|05/02/2013|103|010318|03|7|096792686||GILINSKI||JOSHUA MOISES||1|1|1|1650.00|0.00|0.00|165.00|0||||||||0.00|0.00|
430200573|05/02/2013|03286|01|01|05/02/2013|103|010319|03|7|058888807||TRUJILLO GONZALEZ||DAMIAN ARMANDO||1|1|1|1210.00|0.00|0.00|121.02|0||||||||0.00|0.00|
430200574|05/02/2013|03286|01|01|05/02/2013|103|010320|03|7|74787029||CHRISTENSEN DE LA CE||AXEL JUAN||1|1|1|1361.26|0.00|0.00|136.12|0||||||||0.00|0.00|
430200575|05/02/2013|03286|01|01|05/02/2013|103|010321|03|7|404746331||DAIRK||JOSHUA KEIDAN||1|1|1|756.25|0.00|0.00|75.63|0||||||||0.00|0.00|
430200576|05/02/2013|03286|01|01|05/02/2013|103|010322|03|7|488114094||RIVITZ||MARC ANDREW||1|1|1|1512.50|0.00|0.00|151.26|0||||||||0.00|0.00|
430200577|05/02/2013|03286|01|01|05/02/2013|103|010323|03|7|BD424305||SETIEN||ALVARO||1|1|1|1361.26|0.00|0.00|136.12|0||||||||0.00|0.00|
430200578|05/02/2013|03286|01|01|05/02/2013|103|010324|03|7|75103476||ABOITIZ DOMINGUEZ||JUAN PABLO||1|1|1|909.00|0.00|0.00|90.91|0||||||||0.00|0.00|
430200579|05/02/2013|03286|01|01|05/02/2013|103|010325|03|7|22303589N||LIBSON||PABLO DAMIAN||1|1|1|756.25|0.00|0.00|75.63|0||||||||0.00|0.00|
430200636|05/02/2013|03286|01|01|05/02/2013|103|010326|02|7|L916402|FRANK  CHRISTIAN|||||1|1|1|2475.00|0.00|0.00|247.50|0||||||||0.00|0.00|
513020107|05/02/2013|HLLIM|01|01|05/02/2013|011|073919|03|7|XDAO18706||DIAZ PALACIOS||DIEGO ANDRES||2|1|1|309.24|0.00|0.00|30.93|0||||||||0.00|0.00|
513020108|05/02/2013|HLLIM|01|01|05/02/2013|011|073920|03|7|436324978||SERNA||DEAN||2|1|1|394.25|0.00|0.00|39.42|0||||||||0.00|0.00|
513020109|05/02/2013|HLLIM|01|01|05/02/2013|011|073921|03|7|AE024383||RIUS PORTA||FERRAN||2|1|1|453.55|0.00|0.00|45.36|0||||||||0.00|0.00|
513020110|05/02/2013|HLLIM|01|01|05/02/2013|011|073922|03|7|0549081448||ROBERT||PASCAL PIERRE||1|1|1|1210.00|0.00|0.00|121.00|0||||||||0.00|0.00|
513020111|05/02/2013|HLLIM|01|01|05/02/2013|011|073923|03|7|5034079||ESQUIVEL DE BRICEnO||VILMA||1|1|1|550.00|0.00|0.00|55.02|0||||||||0.00|0.00|
513020113|05/02/2013|HLLIM|01|01|05/02/2013|011|073925|03|7|C2RX8ZR7M||BARTON||MANUELA||1|1|1|1045.00|0.00|0.00|104.50|0||||||||0.00|0.00|
513020114|05/02/2013|HLLIM|01|01|05/02/2013|011|073926|03|7|020572936||TORO CAPUANO||YRVIN ALFONSO||2|1|1|1123.57|0.00|0.00|112.38|0||||||||0.00|0.00|
513020115|05/02/2013|HLLIM|01|01|05/02/2013|011|073927|03|7|1801063130||ARROYO MANZANO||PAULINA GICELE||1|1|1|770.00|0.00|0.00|77.02|0||||||||0.00|0.00|
213021031|05/02/2013|HLAQP|01|01|05/02/2013|021|119104|02|6|20100140692|CONDOR TRAVEL S A|||||2|1|1|5411.70|0.00|0.00|541.27|0||||||||0.00|0.00|
213020135|05/02/2013|HLAQP|01|01|05/02/2013|021|119105|03|7|440940189||SMITH||ROYCE||1|1|1|269.75|0.00|0.00|26.98|0||||||||0.00|0.00|
213020136|05/02/2013|HLAQP|01|01|05/02/2013|021|119106|03|7|454209729||SIMS||SCOTT||1|1|1|269.75|0.00|0.00|26.98|0||||||||0.00|0.00|
213020137|05/02/2013|HLAQP|01|01|05/02/2013|021|119107|02|6|20525186521|SA LUXURY EXPEDITIONS|||||2|1|1|767.95|0.00|0.00|76.79|0||||||||0.00|0.00|
213020139|05/02/2013|HLAQP|01|01|05/02/2013|021|119109|02|6|20154723243|NEXOS SERVICIOS Y REPRESENTACIONES|||||2|1|1|383.97|0.00|0.00|38.40|0||||||||0.00|0.00|
213020140|05/02/2013|HLAQP|01|01|05/02/2013|021|119110|03|7|AAC897019||POYATOS||JUAN ALFONSO||2|1|1|251.26|0.00|0.00|25.13|0||||||||0.00|0.00|
213020098|05/02/2013|HLAQP|01|01|05/02/2013|021|119115|03|7|438704135||DALESSANDRO||STEPHANIE||2|1|1|665.33|0.00|0.00|66.53|0||||||||0.00|0.00|
213020099|05/02/2013|HLAQP|01|01|05/02/2013|021|119116|03|7|438442722||KLEMAN||JANET SUE||2|1|1|665.33|0.00|0.00|66.53|0||||||||0.00|0.00|
213020100|05/02/2013|HLAQP|01|01|05/02/2013|021|119117|03|7|407016319||MORTON||ANTOINETTE||2|1|1|564.60|0.00|0.00|56.48|0||||||||0.00|0.00|
213020101|05/02/2013|HLAQP|01|01|05/02/2013|021|119118|03|7|403920264||HOITINK||ELAINE||2|1|1|665.33|0.00|0.00|66.53|0||||||||0.00|0.00|
213020102|05/02/2013|HLAQP|01|01|05/02/2013|021|119119|03|7|210835457||SUTTON||JOHN||2|1|1|564.60|0.00|0.00|56.48|0||||||||0.00|0.00|
213020103|05/02/2013|HLAQP|01|01|05/02/2013|021|119120|03|7|429373124||WEBB||HAMILTON||2|1|1|665.33|0.00|0.00|66.53|0||||||||0.00|0.00|
213020104|05/02/2013|HLAQP|01|01|05/02/2013|021|119121|03|7|214462463||GADZHYLOVA||MARINA||2|1|1|665.33|0.00|0.00|66.53|0||||||||0.00|0.00|
213020105|05/02/2013|HLAQP|01|01|05/02/2013|021|119122|01|0|12242010||MEITES||CARLOS ENRIQUE||1|1|1|371.25|0.00|0.00|37.13|0||||||||0.00|0.00|
213020106|05/02/2013|HLAQP|01|01|05/02/2013|021|119123|03|7|451654387||SHIH||YI CHI||2|1|1|665.33|0.00|0.00|66.53|0||||||||0.00|0.00|
213020107|05/02/2013|HLAQP|01|01|05/02/2013|021|119124|03|7|219108382||CHACE||LESLEY||2|1|1|665.33|0.00|0.00|66.53|0||||||||0.00|0.00|
213020113|05/02/2013|HLAQP|01|01|05/02/2013|021|119130|02|6|20204921807|SOUTH AMERICAN TOURS DEL PERU SA|||||2|1|1|610.75|0.00|0.00|61.08|0||||||||0.00|0.00|
813020158|05/02/2013|HLTRU|01|01|05/02/2013|031|150471|03|7|C4CWN4R3J||RECKEENWALD||HUBERTUS||1|1|1|398.75|0.00|0.00|39.88|0||||||||0.00|0.00|
