713020039|02/02/2013|HLPUN|01|01|02/02/2013|047|089341|03|7|P 2971951||VAUGOIN||JEAN PAUL||1|1|1|852.50|0.00|0.00|85.26|0||||||||0.00|0.00|
313020034|02/02/2013|HLCUS|01|01|02/02/2013|055|033981|02|6|20100912768|TRAVEL GROUP PERU SA|||||2|1|1|1211.41|0.00|0.00|121.16|0||||||||0.00|0.00|
313020035|02/02/2013|HLCUS|01|01|02/02/2013|055|033982|02|6|20387589181|VIAJES PACIFICO SAC|||||2|1|1|1381.16|0.00|0.00|138.13|0||||||||0.00|0.00|
313020036|02/02/2013|HLCUS|01|01|02/02/2013|055|033983|02|6|20414407677|PERU TRAVEL BUREAU|||||2|1|1|4653.59|0.00|0.00|465.39|0||||||||0.00|0.00|
313020039|02/02/2013|HLCUS|01|01|02/02/2013|055|033987|02|6|20490431048|LATNINA TRAVEL SAC|||||2|1|1|532.40|0.00|0.00|53.25|0||||||||0.00|0.00|
313020040|02/02/2013|HLCUS|01|01|02/02/2013|055|033988|03|7|212960839||FLEMMING||FREDERICK||1|1|1|1164.00|0.00|0.00|116.40|0||||||||0.00|0.00|
313020041|02/02/2013|HLCUS|01|01|02/02/2013|055|033989|03|7|491221102||KOLBER||CHARLES||2|1|1|565.84|0.00|0.00|56.58|0||||||||0.00|0.00|
313020042|02/02/2013|HLCUS|01|01|02/02/2013|055|033990|03|7|QM304959||MATTE||CHERYL LYNN||2|1|1|565.84|0.00|0.00|56.58|0||||||||0.00|0.00|
313020043|02/02/2013|HLCUS|01|01|02/02/2013|055|033991|03|7|420850344||CONWAY||QUINTINA ANTOINETTE||2|1|1|565.84|0.00|0.00|56.58|0||||||||0.00|0.00|
313020044|02/02/2013|HLCUS|01|01|02/02/2013|055|033992|03|7|213082010||ULLMANN||ANNA||2|1|1|565.84|0.00|0.00|56.58|0||||||||0.00|0.00|
313020045|02/02/2013|HLCUS|01|01|02/02/2013|055|033993|03|7|WN068000||GIBSON||ALISTAIR WOTHERSPOON||2|1|1|565.84|0.00|0.00|56.58|0||||||||0.00|0.00|
313020046|02/02/2013|HLCUS|01|01|02/02/2013|055|033994|03|7|470330473||ROMAN RODRIGUEZ||DANIEL||2|1|1|565.84|0.00|0.00|56.58|0||||||||0.00|0.00|
313020047|02/02/2013|HLCUS|01|01|02/02/2013|055|033995|03|7|485589844||KISZELY||RAYMOND EDWARD||2|1|1|565.84|0.00|0.00|56.58|0||||||||0.00|0.00|
313020048|02/02/2013|HLCUS|01|01|02/02/2013|055|033996|03|7|QB065392||MATTE||JACQUES MAURICE||2|1|1|565.84|0.00|0.00|56.58|0||||||||0.00|0.00|
313020049|02/02/2013|HLCUS|01|01|02/02/2013|055|033997|03|7|487294285||TISO||AMY REBECCA||2|1|1|565.84|0.00|0.00|56.58|0||||||||0.00|0.00|
313020050|02/02/2013|HLCUS|01|01|02/02/2013|055|033998|03|7|222537803||OSWAL||PAMMI||2|1|1|565.84|0.00|0.00|56.58|0||||||||0.00|0.00|
313020054|02/02/2013|HLCUS|01|01|02/02/2013|055|034002|03|7|A3422705||DELEON||TREVOR EARL||1|1|1|1292.50|0.00|0.00|129.26|0||||||||0.00|0.00|
913020031|02/02/2013|03285|01|01|02/02/2013|061|013876|02|6|20470526379|ABERCROMBIEY KENT PERUSAC|||||2|1|1|671.29|0.00|0.00|67.13|0||||||||0.00|0.00|
913020032|02/02/2013|03285|01|01|02/02/2013|061|013877|02|6|20536830376|LIMA TOURS SAC|||||2|1|1|509.26|0.00|0.00|50.93|0||||||||0.00|0.00|
913020033|02/02/2013|03285|01|01|02/02/2013|061|013878|03|7|G08487295||ARTEAGA||KARLA S||2|1|1|604.42|0.00|0.00|60.45|0||||||||0.00|0.00|
913020034|02/02/2013|03285|01|01|02/02/2013|061|013879|03|7|08190008837||ARTEAGA GUTIERREZ||ALFREDO||2|1|1|681.58|0.00|0.00|68.16|0||||||||0.00|0.00|
913020035|02/02/2013|03285|01|01|02/02/2013|061|013880|03|7|462554398||GIVENS||SOLONA||1|1|1|3415.49|0.00|0.00|341.57|0||||||||0.00|0.00|
913020036|02/02/2013|03285|01|01|02/02/2013|061|013881|03|7|G08504679||VEGA||ARTURO||2|1|1|513.75|0.00|0.00|51.37|0||||||||0.00|0.00|
913020037|02/02/2013|03285|01|01|02/02/2013|061|013882|03|7|07140138499||REYNOSO BARBA||ANA CECILIA||2|1|1|513.75|0.00|0.00|51.37|0||||||||0.00|0.00|
913020038|02/02/2013|03285|01|01|02/02/2013|061|013883|03|7|G03724132||TORRES||RAMON||2|1|1|513.75|0.00|0.00|51.37|0||||||||0.00|0.00|
913020040|02/02/2013|03285|01|01|02/02/2013|061|013885|03|7|986333334||PLASCENCIA||LUIS||2|1|1|513.75|0.00|0.00|51.37|0||||||||0.00|0.00|
513020063|02/02/2013|HLLIM|01|01|02/02/2013|011|073898|03|7|99078448||LLULL CARDENAS||FRANCISCO JOSE||1|1|1|275.00|0.00|0.00|27.51|0||||||||0.00|0.00|
513020064|02/02/2013|HLLIM|01|01|02/02/2013|011|073899|03|7|AA975864||TENORIO VELA||JUAN||1|1|1|275.00|0.00|0.00|27.51|0||||||||0.00|0.00|
513020065|02/02/2013|HLLIM|01|01|02/02/2013|011|073900|03|7|C253412||MOCHO HYRYTA||LAURA JEANELA||1|1|1|948.00|0.00|0.00|94.83|0||||||||0.00|0.00|
513020067|02/02/2013|HLLIM|01|01|02/02/2013|011|073902|03|7|153333262||SALAZAR ANTUNEZ||MARCELA PAZ||2|1|1|886.64|0.00|0.00|88.69|0||||||||0.00|0.00|
513020068|02/02/2013|HLLIM|01|01|02/02/2013|011|073903|03|7|164134458||MUNOZ CAYUMIL||GRACE DANIELA||2|1|1|886.64|0.00|0.00|88.69|0||||||||0.00|0.00|
513020069|02/02/2013|HLLIM|01|01|02/02/2013|011|073904|03|7|502160926||RICHARDSON||ROBERT ALLEN||1|1|1|1760.00|0.00|0.00|176.04|0||||||||0.00|0.00|
513020070|02/02/2013|HLLIM|01|01|02/02/2013|011|073905|03|7|2128555||RIVEROS ACOSTA||PEDRO MIGUEL||2|1|1|1182.18|0.00|0.00|118.26|0||||||||0.00|0.00|
213020034|02/02/2013|HLAQP|01|01|02/02/2013|021|119063|02|6|20204921807|SOUTH AMERICAN TOURS DEL PERU SA|||||2|1|1|4398.12|0.00|0.00|439.90|0||||||||0.00|0.00|
213020039|02/02/2013|HLAQP|01|01|02/02/2013|021|119068|03|7|M83261501||KWON||JAE KU||1|1|1|343.75|0.00|0.00|34.38|0||||||||0.00|0.00|
213020040|02/02/2013|HLAQP|01|01|02/02/2013|021|119069|03|7|M79503197||CHOI||SEONKYU||1|1|1|343.75|0.00|0.00|34.38|0||||||||0.00|0.00|
213020042|02/02/2013|HLAQP|01|01|02/02/2013|021|119071|03|7|0701964405||CORREA||HERNAN||1|1|1|550.00|0.00|0.00|55.02|0||||||||0.00|0.00|
213020046|02/02/2013|HLAQP|01|01|02/02/2013|021|119075|02|6|20154723243|NEXOS SERVICIOS Y REPRESENTACIONES|||||2|1|1|326.64|0.00|0.00|32.67|0||||||||0.00|0.00|
813020093|02/02/2013|HLTRU|01|01|02/02/2013|031|150415|03|7|65500345||BACHLER KLEIN||ALBERTO||1|1|1|484.00|0.00|0.00|48.40|0||||||||0.00|0.00|
813020094|02/02/2013|HLTRU|01|01|02/02/2013|031|150416|03|7|215148793||BACHLER BICK||ADRIAN ESTEBAN||1|1|1|440.00|0.00|0.00|44.02|0||||||||0.00|0.00|
813020095|02/02/2013|HLTRU|01|01|02/02/2013|031|150417|03|7|62452064||SAFRANA BROUGHTON||RODRIGO JAVIER||1|1|1|484.00|0.00|0.00|48.40|0||||||||0.00|0.00|
813020096|02/02/2013|HLTRU|01|01|02/02/2013|031|150418|03|7|201636698||SAFRANA STEVENSON||EMA||1|1|1|440.00|0.00|0.00|44.02|0||||||||0.00|0.00|
813020099|02/02/2013|HLTRU|01|01|02/02/2013|031|150421|03|7|M1162804||DUNSTAN||SUZANNE||1|1|1|330.00|0.00|0.00|33.01|0||||||||0.00|0.00|
813020069|02/02/2013|HLTRU|01|01|02/02/2013|031|150427|01|0|00000494739||NN|NN|NN||1|1|1|265.00|0.00|0.00|26.50|0||||||||0.00|0.00|
813020074|02/02/2013|HLTRU|01|01|02/02/2013|031|150432|03|7|462202917||VILLAGOMEZ||HUMBERTO JAIME||1|1|1|265.00|0.00|0.00|26.50|0||||||||0.00|0.00|
813020075|02/02/2013|HLTRU|01|01|02/02/2013|031|150433|02|6|20100973473|COLTUR PERUANA DE TURISMO S A|||||2|1|1|550.41|0.00|0.00|55.05|0||||||||0.00|0.00|
813020078|02/02/2013|HLTRU|01|01|02/02/2013|031|150436|03|7|HA1160847||LEE||TAT HING||1|1|1|440.00|0.00|0.00|44.00|0||||||||0.00|0.00|
713020035|02/02/2013|HLPUN|01|01|02/02/2013|047|089337|02|6|20456865152|INVERSIONES RECEPTOURSA|||||2|1|1|715.02|0.00|0.00|71.51|0||||||||0.00|0.00|
713020036|02/02/2013|HLPUN|01|01|02/02/2013|047|089338|03|7|507821265||BEAL||ELIZABETN JANE||1|1|1|825.00|0.00|0.00|82.50|0||||||||0.00|0.00|
713020037|02/02/2013|HLPUN|01|01|02/02/2013|047|089339|02|6|20204921807|SOUTH AMERICAN TOURS DEL PERU SA|||||2|1|1|293.21|0.00|0.00|29.32|0||||||||0.00|0.00|
713020038|02/02/2013|HLPUN|01|01|02/02/2013|047|089340|03|7|P 3426672||HANNES||GABRIEL||1|1|1|852.50|0.00|0.00|85.26|0||||||||0.00|0.00|
913020041|02/02/2013|03285|01|01|02/02/2013|061|013886|03|7|44384791||PARRY||ROSALIND||1|1|1|547.25|0.00|0.00|54.73|0||||||||0.00|0.00|
913020043|02/02/2013|03285|01|01|02/02/2013|061|013888|02|6|20108770750|FIESTA TOURS INTERNATIONAL SA|||||2|1|1|519.54|0.00|0.00|51.95|0||||||||0.00|0.00|
913020045|02/02/2013|03285|01|01|02/02/2013|061|013890|03|7|729213701||HENRIKSEN||HJALMAR||1|1|1|646.26|0.00|0.00|64.62|0||||||||0.00|0.00|
613020033|02/02/2013|03513|01|01|02/02/2013|082|011706|02|6|20387589181|VIAJES PACIFICO SAC|||||2|1|1|972.22|0.00|0.00|97.23|0||||||||0.00|0.00|
613020035|02/02/2013|03513|01|01|02/02/2013|082|011708|03|7|FG734692||MUBARACK||JOSE ROBERTO||2|1|1|9529.26|0.00|0.00|952.93|0||||||||0.00|0.00|
613020036|02/02/2013|03513|01|01|02/02/2013|082|011709|03|7|43451796||CABALLERO||AIDA||1|1|1|825.00|0.00|0.00|82.51|0||||||||0.00|0.00|
613020037|02/02/2013|03513|01|01|02/02/2013|082|011710|03|7|093254573||SHERRY||DEBORAH||1|1|1|4303.76|0.00|0.00|430.36|0||||||||0.00|0.00|
430200248|02/02/2013|03286|01|01|02/02/2013|101|009276|03|7|AAC456453||SOLETO DE LA TORRE||JUAN CARLOS||1|1|1|2843.08|0.00|0.00|284.35|0||||||||0.00|0.00|
430200249|02/02/2013|03286|01|01|02/02/2013|101|009277|03|7|AAG584224||GOMEZ GOMEZ||MARIA||1|1|1|2844.33|0.00|0.00|284.46|0||||||||0.00|0.00|
430200250|02/02/2013|03286|01|01|02/02/2013|101|009278|03|7|32737087||MELERO||MATIAS||1|1|1|2406.25|0.00|0.00|240.65|0||||||||0.00|0.00|
430200251|02/02/2013|03286|01|01|02/02/2013|101|009279|03|7|G09826028||CORDOVA VAZQUEZ||RUBEN ERASMO||1|1|1|3217.50|0.00|0.00|321.78|0||||||||0.00|0.00|
430200252|02/02/2013|03286|01|01|02/02/2013|101|009280|03|7|491217694||RUIZ||ROSA ELENA||1|1|1|742.50|0.00|0.00|74.25|0||||||||0.00|0.00|
430200254|02/02/2013|03286|01|01|02/02/2013|101|009282|03|7|212722771||HAZLETT||JESSICA ANN||1|1|1|2268.75|0.00|0.00|226.89|0||||||||0.00|0.00|
430200266|02/02/2013|03286|01|01|02/02/2013|102|014253|03|7|801306949||KANE||BRIAN BERNARD DAVID||1|1|1|907.50|0.00|0.00|90.76|0||||||||0.00|0.00|
430200268|02/02/2013|03286|01|01|02/02/2013|102|014255|03|7|C000160||PARDO DE ZELA VILLAR||GONZALO FRANCISCO||1|1|1|2090.00|0.00|0.00|209.04|0||||||||0.00|0.00|
430200271|02/02/2013|03286|01|01|02/02/2013|102|014258|03|7|AAG622594||VINAS SANCHEZ||MARTHA||1|1|1|2844.33|0.00|0.00|284.46|0||||||||0.00|0.00|
430200272|02/02/2013|03286|01|01|02/02/2013|102|014259|03|7|CC79779959||MENDEZ||CIRO||1|1|1|1732.50|0.00|0.00|173.26|0||||||||0.00|0.00|
430200274|02/02/2013|03286|01|01|02/02/2013|102|014261|01|0|12101099||DORRONSORO||PAOLA||1|1|1|1732.50|0.00|0.00|173.26|0||||||||0.00|0.00|
430200275|02/02/2013|03286|01|01|02/02/2013|102|014262|03|7|CC52782408||CASTELLANOS|NN|PILAR SAMIRA||1|1|1|2887.50|0.00|0.00|288.78|0||||||||0.00|0.00|
430200276|02/02/2013|03286|01|01|02/02/2013|102|014264|03|7|FB890675||PEREIRA DE GOUVEA||CARLOS||1|1|1|1818.00|0.00|0.00|181.83|0||||||||0.00|0.00|
430200279|02/02/2013|03286|01|01|02/02/2013|102|014266|03|7|CC63551571||ZARRUK SERRANO||ANA M||1|1|1|3025.00|0.00|0.00|302.52|0||||||||0.00|0.00|
430200281|02/02/2013|03286|01|01|02/02/2013|102|014269|03|7|11874182830||HERRERA MANJARREZ||ANGEL||1|1|1|1361.26|0.00|0.00|136.12|0||||||||0.00|0.00|
430200282|02/02/2013|03286|01|01|02/02/2013|102|014270|03|7|11874182830||HERRERA MANJARREZ||ANGEL||1|1|1|340.31|0.00|0.00|34.03|0||||||||0.00|0.00|
430200283|02/02/2013|03286|01|01|02/02/2013|102|014271|03|7|17694429||LUDMAN||PABLO ARIEL||1|1|1|2612.50|0.00|0.00|261.25|0||||||||0.00|0.00|
430200307|02/02/2013|03286|01|01|02/02/2013|103|010284|03|7|G07141316||JUNCO SALGADO||JOSE ANTONIO||1|1|1|825.00|0.00|0.00|82.52|0||||||||0.00|0.00|
430200308|02/02/2013|03286|01|01|02/02/2013|103|010285|03|7|PJ6832018||ORAM||LEENA MARIA||1|1|1|907.50|0.00|0.00|90.76|0||||||||0.00|0.00|
430200309|02/02/2013|03286|01|01|02/02/2013|103|010286|03|7|453013578||BECKER||COLIN STEVE||2|1|1|1155.79|0.00|0.00|115.58|0||||||||0.00|0.00|
430200311|02/02/2013|03286|01|01|02/02/2013|103|010288|03|7|X1328326||CANSANI||MARTINO M||1|1|1|2090.00|0.00|0.00|209.00|0||||||||0.00|0.00|
430200312|02/02/2013|03286|01|01|02/02/2013|103|010289|03|7|X898207||LAKKIS CASES||SAMIR VICENT||1|1|1|1361.26|0.00|0.00|136.12|0||||||||0.00|0.00|
430200313|02/02/2013|03286|01|01|02/02/2013|103|010290|03|7|22965527N||FEINSTEIN||MAGALI||1|1|1|935.00|0.00|0.00|93.51|0||||||||0.00|0.00|
430200314|02/02/2013|03286|01|01|02/02/2013|103|010291|03|7|22965527N||FEINSTEIN||MAGALI||1|1|1|467.50|0.00|0.00|46.76|0||||||||0.00|0.00|
430200315|02/02/2013|03286|01|01|02/02/2013|103|010292|03|7|6017072908||DE AZEVEDO||ANTONIO||1|1|1|1818.00|0.00|0.00|181.83|0||||||||0.00|0.00|
430200317|02/02/2013|03286|01|01|02/02/2013|103|010294|03|7|046995947||GARVIE||ROBB MATTHEW||1|1|1|2371.89|0.00|0.00|237.18|0||||||||0.00|0.00|
