430200068|01/02/2013|03286|01|01|01/02/2013|101|009266|03|7|08390011689||FLORES CORNEJO|NN|JAIME||1|1|1|578.00|0.00|0.00|57.81|0||||||||0.00|0.00|
430200069|01/02/2013|03286|01|01|01/02/2013|101|009267|03|7|111380847||CAMPOS RAMIREZ||MARIA EMILIA||1|1|1|2200.00|0.00|0.00|220.04|0||||||||0.00|0.00|
430200070|01/02/2013|03286|01|01|01/02/2013|101|009268|02|6|20505238703|TRAVEX SA|||||2|1|1|510.44|0.00|0.00|51.05|0||||||||0.00|0.00|
430200072|01/02/2013|03286|01|01|01/02/2013|101|009270|03|7|22303589N||LIBSON||PABLO DAMIAN||1|1|1|1581.26|0.00|0.00|158.12|0||||||||0.00|0.00|
430200073|01/02/2013|03286|01|01|01/02/2013|101|009271|03|7|AAG673218||ESPEJO NARANJO||ARIADNA MARIA||1|1|1|3300.00|0.00|0.00|330.00|0||||||||0.00|0.00|
430200074|01/02/2013|03286|01|01|01/02/2013|101|009272|03|7|1065717033||TERRA||EGIDIO L||1|1|1|1285.62|0.00|0.00|128.56|0||||||||0.00|0.00|
430200076|01/02/2013|03286|01|01|01/02/2013|101|009274|03|7|76316055||GOMEZ NAVAS||CARLOS OSWALDO||1|1|1|1815.00|0.00|0.00|181.53|0||||||||0.00|0.00|
430200126|01/02/2013|03286|01|01|01/02/2013|102|014201|03|7|YA368980||POMPEU CAMPOS||FERNANDO MAGNO||1|1|1|1732.50|0.00|0.00|173.26|0||||||||0.00|0.00|
430200127|01/02/2013|03286|01|01|01/02/2013|102|014202|03|7|801837867||KHALIFA||HUSSEIN||1|1|1|2062.50|0.00|0.00|206.28|0||||||||0.00|0.00|
430200135|01/02/2013|03286|01|01|01/02/2013|102|014203|03|7|07390037518||BASTARRACHEA||TANIA||1|1|1|2727.00|0.00|0.00|272.74|0||||||||0.00|0.00|
430200136|01/02/2013|03286|01|01|01/02/2013|102|014204|03|7|12CR67156||BARGEL||THIERRY JACQUES GUIL||1|1|1|825.00|0.00|0.00|82.52|0||||||||0.00|0.00|
430200137|01/02/2013|03286|01|01|01/02/2013|102|014205|03|7|G01000877||TRUEBA FUENTES||ALEJANDRO||1|1|1|1127.50|0.00|0.00|112.76|0||||||||0.00|0.00|
430200140|01/02/2013|03286|01|01|01/02/2013|102|014208|03|7|EH455443||DIRICKX||MICHEL||1|1|1|412.50|0.00|0.00|41.26|0||||||||0.00|0.00|
430200141|01/02/2013|03286|01|01|01/02/2013|102|014209|03|7|XDA521721||VEGA MADROnERO||JOSE LUIS||1|1|1|412.50|0.00|0.00|41.26|0||||||||0.00|0.00|
430200142|01/02/2013|03286|01|01|01/02/2013|102|014210|03|7|A1673262||GAKUNDI||ANDERSON MACHARIA||1|1|1|412.50|0.00|0.00|41.26|0||||||||0.00|0.00|
430200143|01/02/2013|03286|01|01|01/02/2013|102|014211|03|7|XCO89871||NOLLA||ESTHER||1|1|1|1127.50|0.00|0.00|112.76|0||||||||0.00|0.00|
430200144|01/02/2013|03286|01|01|01/02/2013|102|014212|03|7|109587397||RODRIGUEZ ARNAL||MATIAS||1|1|1|1156.00|0.00|0.00|115.62|0||||||||0.00|0.00|
430200145|01/02/2013|03286|01|01|01/02/2013|102|014213|03|7|481848431||POLLOK||GINA GLADYS||1|1|1|3025.00|0.00|0.00|302.55|0||||||||0.00|0.00|
430200147|01/02/2013|03286|01|01|01/02/2013|102|014215|03|7|EP048010||LONDONO||VICTOR||1|1|1|824.00|0.00|0.00|82.42|0||||||||0.00|0.00|
430200149|01/02/2013|03286|01|01|01/02/2013|102|014217|03|7|452069374||KOSTICK||BETH ANN||1|1|1|1980.00|0.00|0.00|198.04|0||||||||0.00|0.00|
430200150|01/02/2013|03286|01|01|01/02/2013|102|014218|03|7|488901106||LEE||YOUNG||1|1|1|1375.00|0.00|0.00|137.52|0||||||||0.00|0.00|
430200151|01/02/2013|03286|01|01|01/02/2013|102|014219|03|7|AB108045||CASTILLO MARIN||DIEGO||1|1|1|1210.00|0.00|0.00|121.02|0||||||||0.00|0.00|
430200152|01/02/2013|03286|01|01|01/02/2013|102|014220|03|7|488861944||SELTZER||JULIA||1|1|1|2200.00|0.00|0.00|220.04|0||||||||0.00|0.00|
430200153|01/02/2013|03286|01|01|01/02/2013|102|014221|03|7|FD297975||MELO DA SILVA||KELY CRYSTINE||1|1|1|1980.00|0.00|0.00|198.04|0||||||||0.00|0.00|
430200154|01/02/2013|03286|01|01|01/02/2013|102|014222|03|7|XFA005253||RUIZ LIGERO||APOLONIO||1|1|1|618.75|0.00|0.00|61.88|0||||||||0.00|0.00|
430200155|01/02/2013|03286|01|01|01/02/2013|102|014223|03|7|22297798N||PLATERO||PABLO MARCELO||1|1|1|824.00|0.00|0.00|82.42|0||||||||0.00|0.00|
513020025|01/02/2013|HLLIM|01|01|01/02/2013|011|073867|03|7|AAA397787||FELLNER O`TOOLE||MARIA HELENA||1|1|1|742.00|0.00|0.00|74.22|0||||||||0.00|0.00|
513020026|01/02/2013|HLLIM|01|01|01/02/2013|011|073868|03|7|FG582481||FUCCI||MILENA||1|1|1|385.00|0.00|0.00|38.51|0||||||||0.00|0.00|
513020027|01/02/2013|HLLIM|01|01|01/02/2013|011|073869|03|7|28348262N||PORTO||NICOLAS RAMIRO||1|1|1|632.00|0.00|0.00|63.22|0||||||||0.00|0.00|
513020028|01/02/2013|HLLIM|01|01|01/02/2013|011|073870|03|7|AO308813||OSPINA LOPERA||DIEGO MAURICIO||1|1|1|797.50|0.00|0.00|79.76|0||||||||0.00|0.00|
513020029|01/02/2013|HLLIM|01|01|01/02/2013|011|073871|03|7|126506880||GONZALEZ TAPIA||ALVARO ENRIQUE||1|1|1|1264.00|0.00|0.00|126.44|0||||||||0.00|0.00|
513020030|01/02/2013|HLLIM|01|01|01/02/2013|011|073872|03|7|31138369N||DUNDICH VERPO||MAGALI IVANA||2|1|1|592.47|0.00|0.00|59.27|0||||||||0.00|0.00|
513020032|01/02/2013|HLLIM|01|01|01/02/2013|011|073874|03|7|18093417N||CORREA MORALES|NN|JAVIER||1|1|1|632.00|0.00|0.00|63.22|0||||||||0.00|0.00|
513020033|01/02/2013|HLLIM|01|01|01/02/2013|011|073875|03|7|G09416387||GOMEZ GARCIA||SAMUEL||2|1|1|592.47|0.00|0.00|59.27|0||||||||0.00|0.00|
513020035|01/02/2013|HLLIM|01|01|01/02/2013|011|073877|03|7|459628483||PEREYRA||HECTOR BIENVENIDO||2|1|1|1247.12|0.00|0.00|124.71|0||||||||0.00|0.00|
513020036|01/02/2013|HLLIM|01|01|01/02/2013|011|073878|03|7|AD937516||DE VEGA FERNANDEZAR||ANTONIO||2|1|1|1237.45|0.00|0.00|123.74|0||||||||0.00|0.00|
513020037|01/02/2013|HLLIM|01|01|01/02/2013|011|073879|03|7|124969646||VIDELA DURAN||JOSE MIGUEL||1|1|1|1127.50|0.00|0.00|112.76|0||||||||0.00|0.00|
513020038|01/02/2013|HLLIM|01|01|01/02/2013|011|073880|03|7|FB138007||BATISTUCCI NOGUEIRA||LUIZ FERNANDO||1|1|1|770.00|0.00|0.00|77.02|0||||||||0.00|0.00|
513020042|01/02/2013|HLLIM|01|01|01/02/2013|011|073884|03|7|11991283||CASTRO FOX||MARCELO||1|1|1|688.00|0.00|0.00|68.82|0||||||||0.00|0.00|
513020043|01/02/2013|HLLIM|01|01|01/02/2013|011|073885|02|6|20505238703|TRAVEX SA|||||2|1|1|1515.86|0.00|0.00|151.61|0||||||||0.00|0.00|
513020044|01/02/2013|HLLIM|01|01|01/02/2013|011|073886|02|6|20505238703|TRAVEX SA|||||2|1|1|1515.86|0.00|0.00|151.61|0||||||||0.00|0.00|
513020045|01/02/2013|HLLIM|01|01|01/02/2013|011|073887|03|7|23763911N||DAMONTE||SERGIO ALEJANDRO||1|1|1|826.00|0.00|0.00|82.60|0||||||||0.00|0.00|
513020046|01/02/2013|HLLIM|01|01|01/02/2013|011|073888|03|7|26912167N||CURI||ELIAS PABLO||1|1|1|826.00|0.00|0.00|82.60|0||||||||0.00|0.00|
513020047|01/02/2013|HLLIM|01|01|01/02/2013|011|073889|03|7|BE894471||BRAVO SANCHEZ|NN|EZEQUIEL||1|1|1|715.00|0.00|0.00|71.52|0||||||||0.00|0.00|
513020048|01/02/2013|HLLIM|01|01|01/02/2013|011|073890|03|7|LABR101094||MIRANDA|ROJAS|GUILLERMO|ANTONIO|1|1|1|1204.00|0.00|0.00|120.43|0||||||||0.00|0.00|
513020049|01/02/2013|HLLIM|01|01|01/02/2013|011|073891|03|7|D0149197||ITURRIAGA|CASANOVA|LUIS|JOSE|1|1|1|1072.50|0.00|0.00|107.27|0||||||||0.00|0.00|
513020050|01/02/2013|HLLIM|01|01|01/02/2013|011|073892|03|7|22654632N||LOPEZ BUSQUETS||GABRIEL MARTIN||1|1|1|2200.00|0.00|0.00|220.04|0||||||||0.00|0.00|
513020051|01/02/2013|HLLIM|01|01|01/02/2013|011|073893|03|7|YA247586||SALMASO||RENATA LOUISE||1|1|1|770.00|0.00|0.00|77.02|0||||||||0.00|0.00|
513020053|01/02/2013|HLLIM|01|01|01/02/2013|011|073895|03|7|FD746081||PEREIRA CALDERARO||HELOISA||1|1|1|67.27|0.00|0.00|6.73|0||||||||0.00|0.00|
513020054|01/02/2013|HLLIM|01|01|01/02/2013|011|073896|03|7|FD746081||PEREIRA CALDERARO||HELOISA||1|1|1|702.73|0.00|0.00|70.29|0||||||||0.00|0.00|
213020013|01/02/2013|HLAQP|01|01|01/02/2013|021|119043|03|7|40153503N||DE TEZANOS PINTO||SOFIA||1|1|1|797.50|0.00|0.00|79.76|0||||||||0.00|0.00|
430200157|01/02/2013|03286|01|01|01/02/2013|102|014225|03|7|422068979||LINDQVIST||WILLIAM||1|1|1|1347.50|0.00|0.00|134.76|0||||||||0.00|0.00|
430200159|01/02/2013|03286|01|01|01/02/2013|102|014227|03|7|QI296670||PAYMENT||ROBERT WILLIAM PAUL||1|1|1|2954.60|0.00|0.00|295.45|0||||||||0.00|0.00|
430200160|01/02/2013|03286|01|01|01/02/2013|102|014228|03|7|PE067682||GOMEZ RANGEL||IVAN FELIPE||1|1|1|1870.00|0.00|0.00|187.00|0||||||||0.00|0.00|
430200161|01/02/2013|03286|01|01|01/02/2013|102|014229|03|7|FF519985||BURGOS DE CARVALHO||SANDRO||2|1|1|623.88|0.00|0.00|62.39|0||||||||0.00|0.00|
430200163|01/02/2013|03286|01|01|01/02/2013|102|014231|03|7|08AB11966||VINCHON||CHRISTOPHE ANDRE PAU||1|1|1|3995.00|0.00|0.00|399.55|0||||||||0.00|0.00|
430200164|01/02/2013|03286|01|01|01/02/2013|102|014232|03|7|09PD91846||DELMAS||MARIE ISABELLE||1|1|1|3995.00|0.00|0.00|399.55|0||||||||0.00|0.00|
430200165|01/02/2013|03286|01|01|01/02/2013|102|014233|03|7|AAA055306||AGUERO||RODRIGO GASTON||1|1|1|1650.00|0.00|0.00|165.03|0||||||||0.00|0.00|
430200166|01/02/2013|03286|01|01|01/02/2013|102|014234|03|7|09PE94318||EM||ALAIN||1|1|1|3995.00|0.00|0.00|399.55|0||||||||0.00|0.00|
430200167|01/02/2013|03286|01|01|01/02/2013|102|014235|03|7|428279060||REISMAN||DAVID LATHAM||1|1|1|1156.00|0.00|0.00|115.62|0||||||||0.00|0.00|
430200168|01/02/2013|03286|01|01|01/02/2013|102|014236|03|7|AM553170||MELO PARRA||EDGAR ERUIN||1|1|1|984.50|0.00|0.00|98.46|0||||||||0.00|0.00|
430200169|01/02/2013|03286|01|01|01/02/2013|102|014237|03|7|303907138||TOOMBS||WHITNEY KATHRYN||1|1|1|2475.00|0.00|0.00|247.50|0||||||||0.00|0.00|
430200170|01/02/2013|03286|01|01|01/02/2013|102|014238|03|7|135312950||CANALES||DAVID||1|1|1|4046.00|0.00|0.00|404.66|0||||||||0.00|0.00|
430200171|01/02/2013|03286|01|01|01/02/2013|102|014239|03|7|462524497||BANDELLI||VANIA R||2|1|1|887.86|0.00|0.00|88.79|0||||||||0.00|0.00|
430200172|01/02/2013|03286|01|01|01/02/2013|102|014240|03|7|FD586571||PORTO||JOSE ARMANDO||1|1|1|2495.63|0.00|0.00|249.59|0||||||||0.00|0.00|
430200175|01/02/2013|03286|01|01|01/02/2013|102|014243|03|7|4799947||PRADA BOUVERIE||DANTE MARTIN||1|1|1|867.00|0.00|0.00|86.71|0||||||||0.00|0.00|
430200176|01/02/2013|03286|01|01|01/02/2013|102|014244|03|7|21903598N||RODRIGUEZ LORENC||CRISTINA||1|1|1|1361.26|0.00|0.00|136.12|0||||||||0.00|0.00|
430200177|01/02/2013|03286|01|01|01/02/2013|102|014245|03|7|212503072||YOUNG||DIANE CAROLINE||1|1|1|1361.26|0.00|0.00|136.12|0||||||||0.00|0.00|
430200180|01/02/2013|03286|01|01|01/02/2013|102|014248|03|7|49767609||FONZO||GABRIEL||1|1|1|820.00|0.00|0.00|82.00|0||||||||0.00|0.00|
430200181|01/02/2013|03286|01|01|01/02/2013|102|014249|03|7|136071819||LEDGARD||JOSEPH DURKIN||1|1|1|1734.00|0.00|0.00|173.43|0||||||||0.00|0.00|
430200182|01/02/2013|03286|01|01|01/02/2013|102|014250|03|7|451833602||FLORES||LARRY ENRIQUE||1|1|1|6399.25|0.00|0.00|639.99|0||||||||0.00|0.00|
430200183|01/02/2013|03286|01|01|01/02/2013|102|014251|03|7|055653877||HERNANDEZ GUERRA||ANGEL ENRIQUE||1|1|1|2887.50|0.00|0.00|288.78|0||||||||0.00|0.00|
430200238|01/02/2013|03286|01|01|01/02/2013|103|010249|03|7|456897725||COULSON||CAROLYN WELLS||1|1|1|1650.00|0.00|0.00|165.00|0||||||||0.00|0.00|
430200239|01/02/2013|03286|01|01|01/02/2013|103|010250|03|7|06300015512||SANCHEZ BRAVO||BLANCA||1|1|1|1650.00|0.00|0.00|165.03|0||||||||0.00|0.00|
430200240|01/02/2013|03286|01|01|01/02/2013|103|010251|03|7|G04817123||CERVANTES REZA||CARLOS ALBERTO||1|1|1|2424.00|0.00|0.00|242.44|0||||||||0.00|0.00|
430200241|01/02/2013|03286|01|01|01/02/2013|103|010252|03|7|445708354||FRANKLIN||NEIL WILLIAM||1|1|1|1127.50|0.00|0.00|112.76|0||||||||0.00|0.00|
430200021|01/02/2013|03286|01|01|01/02/2013|103|010253|03|7|447718325||HOFMANN||DAVID||1|1|1|2476.00|0.00|0.00|247.64|0||||||||0.00|0.00|
430200001|01/02/2013|03286|01|01|01/02/2013|103|010254|03|7|099041063||DORSET||ANDRE||1|1|1|412.50|0.00|0.00|41.26|0||||||||0.00|0.00|
430200002|01/02/2013|03286|01|01|01/02/2013|103|010255|03|7|491760367||SHESKIN||ARLENE||1|1|1|1045.00|0.00|0.00|104.50|0||||||||0.00|0.00|
430200003|01/02/2013|03286|01|01|01/02/2013|103|010256|03|7|BE393592||TOLEDANO TRIGUERO||PAZ||1|1|1|7262.75|0.00|0.00|726.37|0||||||||0.00|0.00|
430200005|01/02/2013|03286|01|01|01/02/2013|103|010258|03|7|04BK387663||LETOURNEAU||DENIS||1|1|1|1734.00|0.00|0.00|173.43|0||||||||0.00|0.00|
430200006|01/02/2013|03286|01|01|01/02/2013|103|010259|03|7|02YK13642||FAUCHON||ERIC ANDRE ALAIN||1|1|1|1734.00|0.00|0.00|173.43|0||||||||0.00|0.00|
430200007|01/02/2013|03286|01|01|01/02/2013|103|010260|03|7|452075845||AMEZCUA||JUAN CARLOS||1|1|1|2090.00|0.00|0.00|209.00|0||||||||0.00|0.00|
430200008|01/02/2013|03286|01|01|01/02/2013|103|010261|03|7|405436301||THOMAS||CHERRY TERESA||1|1|1|680.63|0.00|0.00|68.06|0||||||||0.00|0.00|
430200009|01/02/2013|03286|01|01|01/02/2013|103|010262|03|7|M00016189||MULLER||WERNER||1|1|1|1210.00|0.00|0.00|121.02|0||||||||0.00|0.00|
430200010|01/02/2013|03286|01|01|01/02/2013|103|010263|03|7|488029019||DOWNEY||MAUREEN SUZANNE||1|1|1|2475.00|0.00|0.00|247.50|0||||||||0.00|0.00|
430200011|01/02/2013|03286|01|01|01/02/2013|103|010264|03|7|112734705||DAVILA||ERIKA MICHELE||1|1|1|2268.75|0.00|0.00|226.89|0||||||||0.00|0.00|
430200015|01/02/2013|03286|01|01|01/02/2013|103|010268|03|7|144266633||PRIETO BRUGGEMANN||RODRIGO IGNACIO||1|1|1|820.00|0.00|0.00|82.00|0||||||||0.00|0.00|
430200016|01/02/2013|03286|01|01|01/02/2013|103|010269|03|7|11621996N||CANDA||ELIO ENRIQUE||1|1|1|1443.00|0.00|0.00|144.33|0||||||||0.00|0.00|
430200017|01/02/2013|03286|01|01|01/02/2013|103|010270|03|7|215651508||JIMENEZ||JORGE FRANCISCO||1|1|1|1980.00|0.00|0.00|198.00|0||||||||0.00|0.00|
430200018|01/02/2013|03286|01|01|01/02/2013|103|010271|03|7|209774714||ARMSTRONG||MARK OLIVER||1|1|1|1285.62|0.00|0.00|128.56|0||||||||0.00|0.00|
430200019|01/02/2013|03286|01|01|01/02/2013|103|010272|02|6|20505238703|TRAVEX SA|||||2|1|1|510.44|0.00|0.00|51.05|0||||||||0.00|0.00|
430200020|01/02/2013|03286|01|01|01/02/2013|103|010273|03|7|099242251||KULENICZ||JOHN ROBERT||1|1|1|1127.50|0.00|0.00|112.76|0||||||||0.00|0.00|
430200022|01/02/2013|03286|01|01|01/02/2013|103|010274|03|7|WQ683694||EGAN||CAITLIN||1|1|1|2062.50|0.00|0.00|206.28|0||||||||0.00|0.00|
430200023|01/02/2013|03286|01|01|01/02/2013|103|010275|03|7|28504182N||LANZILLOTA||MARIA CARLA||1|1|1|3712.50|0.00|0.00|371.25|0||||||||0.00|0.00|
213020014|01/02/2013|HLAQP|01|01|01/02/2013|021|119044|03|7|12790776N||CHA USANDIVARAS||ROBERTO JOSE||1|1|1|797.50|0.00|0.00|79.76|0||||||||0.00|0.00|
213020015|01/02/2013|HLAQP|01|01|01/02/2013|021|119045|03|7|08201097M||CALAMARO||MARIO JOSE||1|1|1|797.50|0.00|0.00|79.76|0||||||||0.00|0.00|
213020016|01/02/2013|HLAQP|01|01|01/02/2013|021|119046|03|7|XXXXXX28||STRICKLER||CHRISTIAN||1|1|1|1113.75|0.00|0.00|111.39|0||||||||0.00|0.00|
213020017|01/02/2013|HLAQP|01|01|01/02/2013|021|119047|03|7|CZ804148||LEAL||BRUNO||1|1|1|371.25|0.00|0.00|37.13|0||||||||0.00|0.00|
213020021|01/02/2013|HLAQP|01|01|01/02/2013|021|119051|03|7|440822010||JENSEN||RONALD KENNETH||1|1|1|1650.00|0.00|0.00|165.04|0||||||||0.00|0.00|
813020019|01/02/2013|HLTRU|01|01|01/02/2013|031|150374|03|7|077231797||VAISBERG||YSAAC||1|1|1|1815.00|0.00|0.00|181.50|0||||||||0.00|0.00|
813020020|01/02/2013|HLTRU|01|01|01/02/2013|031|150375|03|7|88078667||FITZGERALD SORIA||MICHAEL DANIEL||1|1|1|1320.00|0.00|0.00|132.04|0||||||||0.00|0.00|
813020021|01/02/2013|HLTRU|01|01|01/02/2013|031|150376|03|7|96095228||ARANCIBIA MOLINA||CRISTIAN||1|1|1|1320.00|0.00|0.00|132.04|0||||||||0.00|0.00|
813020023|01/02/2013|HLTRU|01|01|01/02/2013|031|150378|03|7|FG957652||MENDES||ROSANGELA APARECIDA||1|1|1|330.00|0.00|0.00|33.01|0||||||||0.00|0.00|
813020028|01/02/2013|HLTRU|01|01|01/02/2013|031|150383|02|6|20374154304|SILVANA TOURS  SAC|||||2|1|1|587.78|0.00|0.00|58.78|0||||||||0.00|0.00|
813020029|01/02/2013|HLTRU|01|01|01/02/2013|031|150384|02|6|20100973473|COLTUR PERUANA DE TURISMO S A|||||2|1|1|562.00|0.00|0.00|56.21|0||||||||0.00|0.00|
813020031|01/02/2013|HLTRU|01|01|01/02/2013|031|150386|03|7|451589709||ALVAREZ||ALEXANDER||1|1|1|990.00|0.00|0.00|99.03|0||||||||0.00|0.00|
813020039|01/02/2013|HLTRU|01|01|01/02/2013|031|150394|03|7|4706477M||CENTURION||JORGE||1|1|1|660.00|0.00|0.00|66.02|0||||||||0.00|0.00|
713020001|01/02/2013|HLPUN|01|01|01/02/2013|047|089322|03|7|11987206N||LALANNE||OSCAR ANTONIO||1|1|1|852.50|0.00|0.00|85.26|0||||||||0.00|0.00|
713020002|01/02/2013|HLPUN|01|01|01/02/2013|047|089323|03|7|17201357N||GOTZ||RAFAEL||1|1|1|1238.50|0.00|0.00|123.86|0||||||||0.00|0.00|
713020004|01/02/2013|HLPUN|01|01|01/02/2013|047|089325|03|7|93657119N||SAAVEDRA PAREDES DE||GIULIANA MARIA||1|1|1|852.50|0.00|0.00|85.26|0||||||||0.00|0.00|
713020005|01/02/2013|HLPUN|01|01|01/02/2013|047|089326|03|7|E136994||PEREZ ORTUnO||IRENE||1|1|1|1238.50|0.00|0.00|123.86|0||||||||0.00|0.00|
713020007|01/02/2013|HLPUN|01|01|01/02/2013|047|089328|03|7|E008013||ORTUnO VICTORY||ANA||1|1|1|852.50|0.00|0.00|85.26|0||||||||0.00|0.00|
713020009|01/02/2013|HLPUN|01|01|01/02/2013|047|089330|03|7|40890799N||CARASSALE||LUCIANA||1|1|1|1238.50|0.00|0.00|123.86|0||||||||0.00|0.00|
713020010|01/02/2013|HLPUN|01|01|01/02/2013|047|089331|02|6|20374154304|SILVANA TOURS  SAC|||||2|1|1|502.71|0.00|0.00|50.28|0||||||||0.00|0.00|
713020011|01/02/2013|HLPUN|01|01|01/02/2013|047|089332|02|6|20204921807|SOUTH AMERICAN TOURS DEL PERU SA|||||2|1|1|587.78|0.00|0.00|58.78|0||||||||0.00|0.00|
713020012|01/02/2013|HLPUN|01|01|01/02/2013|047|089333|02|6|20537160676|PERU AVENTURA TRAVEL SAC|||||2|1|1|394.43|0.00|0.00|39.45|0||||||||0.00|0.00|
713020013|01/02/2013|HLPUN|01|01|01/02/2013|047|089334|02|6|20204921807|SOUTH AMERICAN TOURS DEL PERU SA|||||2|1|1|1433.37|0.00|0.00|143.36|0||||||||0.00|0.00|
313020011|01/02/2013|HLCUS|01|01|01/02/2013|055|033973|03|7|TH9324347||MORI||IKU||1|1|1|1210.00|0.00|0.00|121.00|0||||||||0.00|0.00|
313020012|01/02/2013|HLCUS|01|01|01/02/2013|055|033974|02|6|20100140692|CONDOR TRAVEL S A|||||2|1|1|3691.70|0.00|0.00|369.21|0||||||||0.00|0.00|
430200024|01/02/2013|03286|01|01|01/02/2013|103|010276|03|7|FD265045||BARBOSA REZENDE||ANDRE LUIS||1|1|1|2102.38|0.00|0.00|210.26|0||||||||0.00|0.00|
430200025|01/02/2013|03286|01|01|01/02/2013|103|010277|03|7|YA2622003||IANNELLI||GIANCARLO||1|1|1|825.00|0.00|0.00|82.52|0||||||||0.00|0.00|
430200027|01/02/2013|03286|01|01|01/02/2013|103|010279|03|7|209689035||MCKAY||PATRICK MICHAEL||1|1|1|4620.00|0.00|0.00|462.00|0||||||||0.00|0.00|
430200029|01/02/2013|03286|01|01|01/02/2013|103|010281|03|7|475050944||GANDHI||KIRTAN||1|1|1|5733.75|0.00|0.00|573.45|0||||||||0.00|0.00|
313020013|01/02/2013|HLCUS|01|01|01/02/2013|055|033975|03|7|486284979||CLANCY||JILL ELIZABETH||1|1|1|536.25|0.00|0.00|53.63|0||||||||0.00|0.00|
313020014|01/02/2013|HLCUS|01|01|01/02/2013|055|033976|03|7|217173230||KURTZEBORN||KRISTINE AMANDA||1|1|1|281.87|0.00|0.00|28.19|0||||||||0.00|0.00|
913020004|01/02/2013|03285|01|01|01/02/2013|061|013867|03|7|WN252036||LEMAY||RICHARD||1|1|1|1192.12|0.00|0.00|119.22|0||||||||0.00|0.00|
913020005|01/02/2013|03285|01|01|01/02/2013|061|013868|02|6|20456865152|INVERSIONES RECEPTOURSA|||||2|1|1|763.09|0.00|0.00|76.32|0||||||||0.00|0.00|
913020006|01/02/2013|03285|01|01|01/02/2013|061|013869|02|6|20490431048|LATNINA TRAVEL SAC|||||2|1|1|739.89|0.00|0.00|73.99|0||||||||0.00|0.00|
913020007|01/02/2013|03285|01|01|01/02/2013|061|013870|02|6|20514832782|CHOLO SOY PERU SAC|||||2|1|1|739.89|0.00|0.00|73.99|0||||||||0.00|0.00|
913020009|01/02/2013|03285|01|01|01/02/2013|061|013872|02|6|20456865152|INVERSIONES RECEPTOURSA|||||2|1|1|1923.19|0.00|0.00|192.33|0||||||||0.00|0.00|
913020010|01/02/2013|03285|01|01|01/02/2013|061|013873|03|7|209581708||RODMAN||IRA P||1|1|1|581.63|0.00|0.00|58.16|0||||||||0.00|0.00|
913020011|01/02/2013|03285|01|01|01/02/2013|061|013874|02|6|20456286632|SOUTH AMERICA INSIDE OUT SAC|||||2|1|1|641.92|0.00|0.00|64.20|0||||||||0.00|0.00|
613020022|01/02/2013|03513|01|07|01/02/2013|071|002645|02|6|20204921807|SOUTH AMERICAN TOURS DEL PERU SA|||||2|1|1||0.00|0.00|-1.58|0||||01|082|011570|19/01/2013||0.00|
613020023|01/02/2013|03513|01|07|01/02/2013|071|002647|01|0|66666666666||CLIENTE|CONTADO|PARACAS||1|1|1||0.00|0.00|0.00|0||||08|071|000825|28/01/2013||0.00|
613020006|01/02/2013|03513|01|01|01/02/2013|082|011700|03|7|FH130800||CRAVEIRO FILHO||BRAULIO||1|1|1|5527.50|0.00|0.00|552.78|0||||||||0.00|0.00|
613020012|01/02/2013|03513|01|01|01/02/2013|083|005677|03|7|YA2472774||ZEGARRA CAVASSA||RAFAEL MARTIN||1|1|1|687.50|0.00|0.00|68.75|0||||||||0.00|0.00|
430200031|01/02/2013|03286|01|01|01/02/2013|101|009250|03|7|FG833714||PRADO||LUIZ ANTONIO||1|1|1|1650.00|0.00|0.00|165.04|0||||||||0.00|0.00|
430200034|01/02/2013|03286|01|01|01/02/2013|101|009253|03|7|QE897368||AHLGREN||WILLIAM ALAN||1|1|1|4537.50|0.00|0.00|453.78|0||||||||0.00|0.00|
430200035|01/02/2013|03286|01|01|01/02/2013|101|009254|03|7|113531797||BURNS||PETER MARTIN||1|1|1|1210.00|0.00|0.00|121.00|0||||||||0.00|0.00|
430200036|01/02/2013|03286|01|01|01/02/2013|101|009255|03|7|BA171272||MORAIS||JENNIFER EDITH||1|1|1|2062.50|0.00|0.00|206.28|0||||||||0.00|0.00|
430200037|01/02/2013|03286|01|01|01/02/2013|101|009256|03|7|WA894531||MO||RAN||1|1|1|2062.50|0.00|0.00|206.28|0||||||||0.00|0.00|
430200038|01/02/2013|03286|01|01|01/02/2013|101|009257|03|7|CC71787454||LONDONO||JAIME||1|1|1|2268.75|0.00|0.00|226.89|0||||||||0.00|0.00|
430200039|01/02/2013|03286|01|01|01/02/2013|101|009258|03|7|488807065||ECHEVESTE VAZQUEZ||VICENTE MARTIN||1|1|1|2090.00|0.00|0.00|209.00|0||||||||0.00|0.00|
430200040|01/02/2013|03286|01|01|01/02/2013|101|009259|03|7|BA8556503||KAPLONY||KRISZTINA||1|1|1|618.75|0.00|0.00|61.88|0||||||||0.00|0.00|
430200042|01/02/2013|03286|01|01|01/02/2013|101|009261|03|7|XC087579||SECO PRESENCIO||ARTURO||1|1|1|618.75|0.00|0.00|61.88|0||||||||0.00|0.00|
430200064|01/02/2013|03286|01|01|01/02/2013|101|009262|03|7|452096784||CIALI||ANTHONY FRANCIS||1|1|1|1347.50|0.00|0.00|134.76|0||||||||0.00|0.00|
430200066|01/02/2013|03286|01|01|01/02/2013|101|009264|03|7|CC51700605||MENDOZA SERRANO||LAURA CONSTANZA||1|1|1|1969.00|0.00|0.00|196.92|0||||||||0.00|0.00|
430200067|01/02/2013|03286|01|01|01/02/2013|101|009265|03|7|07614200M||CACERES MONIE||JOSE ANTONIO||1|1|1|1870.00|0.00|0.00|187.00|0||||||||0.00|0.00|
