513020769|28/02/2013|HLLIM|01|01|28/02/2013|011|074242|03|7|1795071||AGUILAR AGUILAR||JULIO||1|1|1|990.00|0.00|0.00|99.03|0||||||||0.00|0.00|
513020771|28/02/2013|HLLIM|01|01|28/02/2013|011|074244|03|7|V 475206||TANTO||UKIT||1|1|1|742.00|0.00|0.00|74.22|0||||||||0.00|0.00|
513020772|28/02/2013|HLLIM|01|01|28/02/2013|011|074245|03|7|CGVLGZ6FG||SALZ GEBER||URSULA MARIA||1|1|1|1196.25|0.00|0.00|119.64|0||||||||0.00|0.00|
513020776|28/02/2013|HLLIM|01|01|28/02/2013|011|074249|03|7|00532778806||VILLA PEREA||ERNESTO||1|1|1|990.00|0.00|0.00|99.03|0||||||||0.00|0.00|
513020777|28/02/2013|HLLIM|01|01|28/02/2013|011|074250|03|7|445782952||HERNANDEZ ORELLANA||FRANCISCO JOSE||1|1|1|948.00|0.00|0.00|94.83|0||||||||0.00|0.00|
513020782|28/02/2013|HLLIM|01|01|28/02/2013|011|074255|03|7|CC52260994||LEON MOLINA||DIANA NOELIA||2|1|1|300.04|0.00|0.00|30.01|0||||||||0.00|0.00|
513020791|28/02/2013|HLLIM|01|01|28/02/2013|011|074264|03|7|432803743||FERNANDEZ||LUIS EDUARDO||1|1|1|398.75|0.00|0.00|39.88|0||||||||0.00|0.00|
513020792|28/02/2013|HLLIM|01|01|28/02/2013|011|074265|03|7|58871059||BARTOLOME||GISELA NATACHA||2|1|1|900.13|0.00|0.00|90.02|0||||||||0.00|0.00|
513020793|28/02/2013|HLLIM|01|01|28/02/2013|011|074266|03|7|PC23757||NECIOSUP MORALES||PATRICIA YSABEL||2|1|1|451.68|0.00|0.00|45.17|0||||||||0.00|0.00|
513020796|28/02/2013|HLLIM|01|01|28/02/2013|011|074269|03|7|C 329539||KEOSSEIAN LAGOMARSIN||KARINA PAOLA||2|1|1|900.13|0.00|0.00|90.02|0||||||||0.00|0.00|
513020797|28/02/2013|HLLIM|01|01|28/02/2013|011|074270|03|7|XDA055486||ALONSO OTERO||DANIELA||2|1|1|900.13|0.00|0.00|90.02|0||||||||0.00|0.00|
513020801|28/02/2013|HLLIM|01|01|28/02/2013|011|074274|03|7|XDA055486||ALONSO OTERO||DANIELA||2|1|1|160.96|0.00|0.00|16.10|0||||||||0.00|0.00|
513020802|28/02/2013|HLLIM|01|01|28/02/2013|011|074275|03|7|12DE77340||LIEM||OLIVIER JEAN BERTRAN||1|1|1|357.50|0.00|0.00|35.75|0||||||||0.00|0.00|
213020932|28/02/2013|HLAQP|01|01|28/02/2013|021|119541|02|6|20536830376|LIMA TOURS SAC|||||2|1|1|2415.82|0.00|0.00|241.60|0||||||||0.00|0.00|
213020940|28/02/2013|HLAQP|01|01|28/02/2013|021|119549|03|7|60268551||SALAZAR SANTANDER||MARIO||1|1|1|1237.50|0.00|0.00|123.76|0||||||||0.00|0.00|
213020948|28/02/2013|HLAQP|01|01|28/02/2013|021|119557|03|7|458349730||MARCHESCHI||MICHAEL HENRY||1|1|1|550.00|0.00|0.00|55.02|0||||||||0.00|0.00|
213020950|28/02/2013|HLAQP|01|01|28/02/2013|021|119559|03|7|494795480||CORZO||LUIS GONZALO||1|1|1|797.50|0.00|0.00|79.76|0||||||||0.00|0.00|
213020953|28/02/2013|HLAQP|01|01|28/02/2013|021|119562|03|7|218525127||LYTLE||STEVEN JOSEPH||1|1|1|556.88|0.00|0.00|55.69|0||||||||0.00|0.00|
813021420|28/02/2013|HLTRU|01|01|28/02/2013|031|151116|03|7|AAE507607||PEREZ OGUEZ||LUIS||1|1|1|302.50|0.00|0.00|30.26|0||||||||0.00|0.00|
813021425|28/02/2013|HLTRU|01|01|28/02/2013|031|151121|03|7|710749895||MONROY||JUAN FERNANDO||1|1|1|605.00|0.00|0.00|60.52|0||||||||0.00|0.00|
813021427|28/02/2013|HLTRU|01|01|28/02/2013|031|151123|03|7|75626401||RIFO AGUADO||HUMBERTO||1|1|1|248.00|0.00|0.00|24.81|0||||||||0.00|0.00|
813021428|28/02/2013|HLTRU|01|01|28/02/2013|031|151124|03|7|12171079K||CONTRERAS||MIGUEL||2|1|1|248.71|0.00|0.00|24.88|0||||||||0.00|0.00|
813021431|28/02/2013|HLTRU|01|01|28/02/2013|031|151127|02|6|20387589181|VIAJES PACIFICO SAC|||||2|1|1|712.36|0.00|0.00|71.24|0||||||||0.00|0.00|
813021432|28/02/2013|HLTRU|01|01|28/02/2013|031|151128|03|7|457530136||MORGAN||STACEY||1|1|1|530.00|0.00|0.00|53.00|0||||||||0.00|0.00|
813021433|28/02/2013|HLTRU|01|01|28/02/2013|031|151129|03|7|12171079K||CONTRERAS||MIGUEL||2|1|1|248.71|0.00|0.00|24.87|0||||||||0.00|0.00|
430207488|28/02/2013|03286|01|01|28/02/2013|102|015023|03|7|G08769440||FERNANDEZ CUESTA||PEDRO LUIS||1|1|1|2420.00|0.00|0.00|242.04|0||||||||0.00|0.00|
430207489|28/02/2013|03286|01|01|28/02/2013|102|015024|03|7|YA150563||COSTA FILHO||MILTON||2|1|1|1432.46|0.00|0.00|143.24|0||||||||0.00|0.00|
430207490|28/02/2013|03286|01|01|28/02/2013|102|015025|03|7|711257234||GINSON||MARSHA||1|1|1|1815.00|0.00|0.00|181.53|0||||||||0.00|0.00|
430207491|28/02/2013|03286|01|01|28/02/2013|102|015026|03|7|G07051757||ABUSAID BARRERA||DAVID||1|1|1|1925.00|0.00|0.00|192.52|0||||||||0.00|0.00|
430207492|28/02/2013|03286|01|01|28/02/2013|102|015027|03|7|27203981||BARBON||FERNANDO||1|1|1|1443.75|0.00|0.00|144.39|0||||||||0.00|0.00|
430207493|28/02/2013|03286|01|01|28/02/2013|102|015028|03|7|473488679||RIUS SABATE||ORIOL||1|1|1|1320.00|0.00|0.00|132.02|0||||||||0.00|0.00|
430207494|28/02/2013|03286|01|01|28/02/2013|102|015029|03|7|208064547||BLOOM||ERIC HOWARD||1|1|1|1045.00|0.00|0.00|104.50|0||||||||0.00|0.00|
430207495|28/02/2013|03286|01|01|28/02/2013|102|015030|03|7|024736907||OVIEDO GONZALES||ANDRES THOMAS||1|1|1|1650.00|0.00|0.00|165.04|0||||||||0.00|0.00|
430207497|28/02/2013|03286|01|01|28/02/2013|102|015032|03|7|223193541||PARISI||DALE||1|1|1|2392.50|0.00|0.00|239.28|0||||||||0.00|0.00|
430207499|28/02/2013|03286|01|01|28/02/2013|102|015034|03|7|488379996||GRANO||JOHN||1|1|1|2640.00|0.00|0.00|264.04|0||||||||0.00|0.00|
430207500|28/02/2013|03286|01|01|28/02/2013|102|015035|03|7|G02345159||ZUnIGA PEREZ||ANTONIO||1|1|1|3327.50|0.00|0.00|332.80|0||||||||0.00|0.00|
430207501|28/02/2013|03286|01|01|28/02/2013|102|015036|03|7|25852387||MAESTU||MARTIN||1|1|1|1078.00|0.00|0.00|107.82|0||||||||0.00|0.00|
430207502|28/02/2013|03286|01|01|28/02/2013|102|015037|03|7|107287965||AYALA MONTOYA||JAVIER IGNACIO||1|1|1|2635.89|0.00|0.00|263.58|0||||||||0.00|0.00|
430207503|28/02/2013|03286|01|01|28/02/2013|102|015038|03|7|1149539||RODRIGUEZ CALVO||MARCELO FERNANDO||1|1|1|1127.50|0.00|0.00|112.76|0||||||||0.00|0.00|
430207506|28/02/2013|03286|01|01|28/02/2013|102|015041|03|7|24148676N||RON||DIEGO PABLO||1|1|1|2092.00|0.00|0.00|209.24|0||||||||0.00|0.00|
430207507|28/02/2013|03286|01|01|28/02/2013|102|015042|03|7|42205266||JONES||CHRISTOPHER||1|1|1|2062.50|0.00|0.00|206.28|0||||||||0.00|0.00|
430207508|28/02/2013|03286|01|01|28/02/2013|102|015043|03|7|28752530N||CERDA BERSAGGI||DIEGO||1|1|1|1870.00|0.00|0.00|187.04|0||||||||0.00|0.00|
430207558|28/02/2013|03286|01|01|28/02/2013|103|010771|03|7|AM798154||LUCERO GAONA||MARIA CLAUDIA||1|1|1|3025.00|0.00|0.00|302.55|0||||||||0.00|0.00|
430207559|28/02/2013|03286|01|01|28/02/2013|103|010772|03|7|35464638||PIESCHACON QUIJANO||ADRIANA MARIA FRANCI||1|1|1|3025.00|0.00|0.00|302.55|0||||||||0.00|0.00|
430207560|28/02/2013|03286|01|01|28/02/2013|103|010773|03|7|G07358445||LARA MAILLARD||GUSTAVO||1|1|1|3025.00|0.00|0.00|302.55|0||||||||0.00|0.00|
430207561|28/02/2013|03286|01|01|28/02/2013|103|010774|03|7|G02586182||COLLARD LOPEZ||HENRY||1|1|1|2420.00|0.00|0.00|242.04|0||||||||0.00|0.00|
430207562|28/02/2013|03286|01|01|28/02/2013|103|010775|03|7|08480004014||MARISCAL LEAL||RAMON||1|1|1|2420.00|0.00|0.00|242.04|0||||||||0.00|0.00|
430207563|28/02/2013|03286|01|01|28/02/2013|103|010776|03|7|G06071666||GARCIA DE ALBA||RICARDO||1|1|1|2420.00|0.00|0.00|242.03|0||||||||0.00|0.00|
430207564|28/02/2013|03286|01|01|28/02/2013|103|010777|03|7|G04385147||FLORES RAMIREZ||JUAN ANTONIO||1|1|1|2420.00|0.00|0.00|242.04|0||||||||0.00|0.00|
430207565|28/02/2013|03286|01|01|28/02/2013|103|010778|03|7|A02920135||ALVAREZ GALLARDO||GERARDO MANUEL||1|1|1|2120.50|0.00|0.00|212.08|0||||||||0.00|0.00|
430207566|28/02/2013|03286|01|01|28/02/2013|103|010779|03|7|12949590||VIDELA||IGNACIO JORGE||1|1|1|2310.00|0.00|0.00|231.03|0||||||||0.00|0.00|
430207567|28/02/2013|03286|01|01|28/02/2013|103|010780|03|7|G01255093||GONZALEZ AVILA CAMAC||RODRIGO XAVIER||1|1|1|2420.00|0.00|0.00|242.04|0||||||||0.00|0.00|
813021446|28/02/2013|HLTRU|01|01|28/02/2013|031|151142|03|7|08040016556||IBARRA ESTRADA||CARLOS MARTIN||1|1|1|302.50|0.00|0.00|30.26|0||||||||0.00|0.00|
713021204|28/02/2013|HLPUN|01|01|28/02/2013|047|089720|03|7|50853227||SUTHERLAND||DONALD GRAHAM||1|1|1|283.54|0.00|0.00|28.35|0||||||||0.00|0.00|
713021205|28/02/2013|HLPUN|01|01|28/02/2013|047|089721|02|6|20387589181|VIAJES PACIFICO SAC|||||2|1|1|681.38|0.00|0.00|68.14|0||||||||0.00|0.00|
713021206|28/02/2013|HLPUN|01|01|28/02/2013|047|089722|03|7|50853227||SUTHERLAND||DONALD GRAHAM||2|1|1|720.10|0.00|0.00|72.02|0||||||||0.00|0.00|
713021207|28/02/2013|HLPUN|01|01|28/02/2013|047|089723|02|6|20100776643|MICKEY TOUR EIRL|||||2|1|1|2952.59|0.00|0.00|295.29|0||||||||0.00|0.00|
713021208|28/02/2013|HLPUN|01|01|28/02/2013|047|089724|03|7|N3503998||TOOHEY||REGINALD PETER||2|1|1|722.68|0.00|0.00|72.27|0||||||||0.00|0.00|
713021209|28/02/2013|HLPUN|01|01|28/02/2013|047|089725|03|7|057848349||COTTER||ELIZA WILLETS||2|1|1|722.68|0.00|0.00|72.27|0||||||||0.00|0.00|
713021210|28/02/2013|HLPUN|01|01|28/02/2013|047|089726|03|7|511018123||LIVINGSTONE||DAVID FORD ANGUS||2|1|1|722.68|0.00|0.00|72.27|0||||||||0.00|0.00|
713021211|28/02/2013|HLPUN|01|01|28/02/2013|047|089727|03|7|J0360053||KERN||THOMAS EMIL||2|1|1|516.20|0.00|0.00|51.61|0||||||||0.00|0.00|
713021212|28/02/2013|HLPUN|01|01|28/02/2013|047|089728|03|7|F1238465||KERN||EVELYNE JOYA FLORENC||2|1|1|180.67|0.00|0.00|18.09|0||||||||0.00|0.00|
713021213|28/02/2013|HLPUN|01|01|28/02/2013|047|089729|03|7|800468650||LITTLE||PETER CHRISTOPHER||2|1|1|722.68|0.00|0.00|72.27|0||||||||0.00|0.00|
713021214|28/02/2013|HLPUN|01|01|28/02/2013|047|089730|03|7|511136819||WALKER||PATRICK WILLIAM||2|1|1|722.68|0.00|0.00|72.27|0||||||||0.00|0.00|
713021215|28/02/2013|HLPUN|01|01|28/02/2013|047|089731|03|7|801183303||BOLSOVER||GEORGE WILLIAM||2|1|1|722.68|0.00|0.00|72.27|0||||||||0.00|0.00|
713021216|28/02/2013|HLPUN|01|01|28/02/2013|047|089732|03|7|099121598||EVANS||CHRISTOPHER MARK STE||2|1|1|722.68|0.00|0.00|72.27|0||||||||0.00|0.00|
713021217|28/02/2013|HLPUN|01|01|28/02/2013|047|089733|03|7|104842207||DAHMEN JR||LLOYD CARL||2|1|1|722.68|0.00|0.00|72.27|0||||||||0.00|0.00|
713021218|28/02/2013|HLPUN|01|01|28/02/2013|047|089734|03|7|706690432||REDDINGTON||JOHN LLOYD||2|1|1|722.68|0.00|0.00|72.27|0||||||||0.00|0.00|
713021219|28/02/2013|HLPUN|01|01|28/02/2013|047|089735|03|7|510719323||HYDE||STEPHEN COLIN||2|1|1|722.68|0.00|0.00|72.27|0||||||||0.00|0.00|
713021220|28/02/2013|HLPUN|01|01|28/02/2013|047|089736|02|6|20100973473|COLTUR PERUANA DE TURISMO S A|||||2|1|1|9933.75|0.00|0.00|993.38|0||||||||0.00|0.00|
713021221|28/02/2013|HLPUN|01|01|28/02/2013|047|089737|03|7|N7109073||STEPHENSON||MAXWELL LAWRENCE||2|1|1|722.68|0.00|0.00|72.27|0||||||||0.00|0.00|
713021222|28/02/2013|HLPUN|01|01|28/02/2013|047|089738|03|7|511129218||WENMAN||DAVID HAROLD||2|1|1|722.68|0.00|0.00|72.27|0||||||||0.00|0.00|
713021223|28/02/2013|HLPUN|01|01|28/02/2013|047|089739|03|7|AAA566823||SABORIDO||ALBERTO||2|1|1|722.68|0.00|0.00|72.27|0||||||||0.00|0.00|
713021225|28/02/2013|HLPUN|01|01|28/02/2013|047|089741|03|7|AAA010899||MISCIONE||HERNAN||2|1|1|722.68|0.00|0.00|72.27|0||||||||0.00|0.00|
713021226|28/02/2013|HLPUN|01|01|28/02/2013|047|089742|03|7|F3925829||SCHALATTER||DANIEL||2|1|1|722.68|0.00|0.00|72.27|0||||||||0.00|0.00|
713021227|28/02/2013|HLPUN|01|01|28/02/2013|047|089743|03|7|099192288||KILNER||TOBY JONATHAN CASSON||2|1|1|722.68|0.00|0.00|72.27|0||||||||0.00|0.00|
713021228|28/02/2013|HLPUN|01|01|28/02/2013|047|089744|03|7|112033768||HOPE||SIMON||2|1|1|722.68|0.00|0.00|72.27|0||||||||0.00|0.00|
713021229|28/02/2013|HLPUN|01|01|28/02/2013|047|089745|03|7|442143630||JAMES||FREDERICK CASE||2|1|1|722.68|0.00|0.00|72.27|0||||||||0.00|0.00|
713021230|28/02/2013|HLPUN|01|01|28/02/2013|047|089746|03|7|X3791285||EGLI||MARTIN PETER||2|1|1|516.20|0.00|0.00|51.63|0||||||||0.00|0.00|
713021233|28/02/2013|HLPUN|01|01|28/02/2013|047|089749|03|7|AAA302286||VASSALLO||MARCELO||2|1|1|722.68|0.00|0.00|72.27|0||||||||0.00|0.00|
713021234|28/02/2013|HLPUN|01|01|28/02/2013|047|089750|03|7|M1418885||BIRD||CECIL FRANK||2|1|1|722.68|0.00|0.00|72.27|0||||||||0.00|0.00|
713021235|28/02/2013|HLPUN|01|01|28/02/2013|047|089751|03|7|099227883||BRIGDEN||JOHN GERARD||2|1|1|722.68|0.00|0.00|72.27|0||||||||0.00|0.00|
713021236|28/02/2013|HLPUN|01|01|28/02/2013|047|089752|03|7|NVPLC1581||VAN GIETHUYSEN||PATRICK||2|1|1|722.68|0.00|0.00|72.27|0||||||||0.00|0.00|
713021237|28/02/2013|HLPUN|01|01|28/02/2013|047|089753|03|7|E3079385||ALLEN||ROGER WILLIAM||2|1|1|722.68|0.00|0.00|72.27|0||||||||0.00|0.00|
713021238|28/02/2013|HLPUN|01|01|28/02/2013|047|089754|03|7|488322922||HARRIS||GLENN STEVEN||2|1|1|722.68|0.00|0.00|72.27|0||||||||0.00|0.00|
713021239|28/02/2013|HLPUN|01|01|28/02/2013|047|089755|03|7|P3909707||PINZOLITS||HERBERT||2|1|1|722.68|0.00|0.00|72.27|0||||||||0.00|0.00|
713021240|28/02/2013|HLPUN|01|01|28/02/2013|047|089756|03|7|AAA542921||CROSTA||MARTIN SEBASTIAN||2|1|1|722.68|0.00|0.00|72.27|0||||||||0.00|0.00|
713021241|28/02/2013|HLPUN|01|01|28/02/2013|047|089757|03|7|210303282||CHRISTOPHER MICHAEL||ROBERTS||2|1|1|722.68|0.00|0.00|72.27|0||||||||0.00|0.00|
713021242|28/02/2013|HLPUN|01|01|28/02/2013|047|089758|03|7|111401249||LAST||RICHARD||2|1|1|722.68|0.00|0.00|72.27|0||||||||0.00|0.00|
713021243|28/02/2013|HLPUN|01|01|28/02/2013|047|089759|03|7|C4KRP871J||WEISS||RALF JORG||2|1|1|722.68|0.00|0.00|72.27|0||||||||0.00|0.00|
713021247|28/02/2013|HLPUN|01|01|28/02/2013|047|089763|03|7|C5XM5TMWM||PEIL||ROBERT||2|1|1|671.06|0.00|0.00|67.12|0||||||||0.00|0.00|
713021248|28/02/2013|HLPUN|01|01|28/02/2013|047|089764|03|7|304202779||FULLER||YVONNE PATRICIA||2|1|1|671.06|0.00|0.00|67.12|0||||||||0.00|0.00|
713021249|28/02/2013|HLPUN|01|01|28/02/2013|047|089765|03|7|C76XY3TY9||SCHMIDT||PETER HANS||2|1|1|335.53|0.00|0.00|33.56|0||||||||0.00|0.00|
713021250|28/02/2013|HLPUN|01|01|28/02/2013|047|089766|03|7|C76XJ4FZY||LEMBERG||JORG RICHARD||2|1|1|335.53|0.00|0.00|33.56|0||||||||0.00|0.00|
713021252|28/02/2013|HLPUN|01|01|28/02/2013|047|089768|03|7|BM7LF33F1||WINKELMAN||MARIUS OTTO||2|1|1|671.06|0.00|0.00|67.12|0||||||||0.00|0.00|
713021253|28/02/2013|HLPUN|01|01|28/02/2013|047|089769|03|7|113097286||BUCHANAN||RICHARD MARC||2|1|1|671.06|0.00|0.00|67.12|0||||||||0.00|0.00|
713021256|28/02/2013|HLPUN|01|01|28/02/2013|047|089772|03|7|M031490||SILVEIRA DA CONCEICA||VICTOR JOSE||2|1|1|671.06|0.00|0.00|67.12|0||||||||0.00|0.00|
713021257|28/02/2013|HLPUN|01|01|28/02/2013|047|089773|03|7|507671527||ROBINSON||MARK IRVING||2|1|1|567.82|0.00|0.00|56.80|0||||||||0.00|0.00|
713021258|28/02/2013|HLPUN|01|01|28/02/2013|047|089774|03|7|112987722||GREEN||CHARLES MICHAEL||2|1|1|567.82|0.00|0.00|56.80|0||||||||0.00|0.00|
713021259|28/02/2013|HLPUN|01|01|28/02/2013|047|089775|03|7|X3066591||EGLI||ANNE ELISABETH||2|1|1|180.67|0.00|0.00|18.07|0||||||||0.00|0.00|
713021260|28/02/2013|HLPUN|01|01|28/02/2013|047|089776|03|7|210217836||HUNT||ROGER KEITH||2|1|1|671.06|0.00|0.00|67.12|0||||||||0.00|0.00|
713021261|28/02/2013|HLPUN|01|01|28/02/2013|047|089777|03|7|513473329||BROOK BROOKS||ANTHONY||2|1|1|671.06|0.00|0.00|67.12|0||||||||0.00|0.00|
713021264|28/02/2013|HLPUN|01|01|28/02/2013|047|089780|03|7|503603054||BUTLER JENKINS||JOHN HENRY||2|1|1|400.06|0.00|0.00|40.01|0||||||||0.00|0.00|
713021265|28/02/2013|HLPUN|01|01|28/02/2013|047|089781|03|7|800378545||STOCKWELL||LESLEY JOAN||2|1|1|671.06|0.00|0.00|67.11|0||||||||0.00|0.00|
313021289|28/02/2013|HLCUS|01|01|28/02/2013|055|034425|02|6|20100589967|FARR TOURS SA|||||2|1|1|1068.53|0.00|0.00|106.86|0||||||||0.00|0.00|
313021291|28/02/2013|HLCUS|01|01|28/02/2013|055|034427|02|6|20536830376|LIMA TOURS SAC|||||2|1|1|2694.56|0.00|0.00|269.49|0||||||||0.00|0.00|
313021292|28/02/2013|HLCUS|01|01|28/02/2013|055|034428|02|6|20387589181|VIAJES PACIFICO SAC|||||2|1|1|1192.42|0.00|0.00|119.24|0||||||||0.00|0.00|
313021293|28/02/2013|HLCUS|01|01|28/02/2013|055|034429|02|6|20101004881|CARRUSEL REPRESENTACIONES SAC|||||2|1|1|1455.68|0.00|0.00|145.57|0||||||||0.00|0.00|
313021294|28/02/2013|HLCUS|01|01|28/02/2013|055|034430|02|6|20470526379|ABERCROMBIEY KENT PERUSAC|||||2|1|1|1848.00|0.00|0.00|184.82|0||||||||0.00|0.00|
313021295|28/02/2013|HLCUS|01|01|28/02/2013|055|034431|03|7|451597605||JEENARINE||CHRISHNA||2|1|1|567.82|0.00|0.00|56.78|0||||||||0.00|0.00|
313021296|28/02/2013|HLCUS|01|01|28/02/2013|055|034432|03|7|220620499||ALLEN||ANNE LORETTA||2|1|1|567.82|0.00|0.00|56.78|0||||||||0.00|0.00|
313021297|28/02/2013|HLCUS|01|01|28/02/2013|055|034433|03|7|107385005||HENRY||RITA||2|1|1|567.82|0.00|0.00|56.80|0||||||||0.00|0.00|
313021301|28/02/2013|HLCUS|01|01|28/02/2013|055|034437|03|7|134916112||TOVELL||NICHOLAS JOHN||2|1|1|567.82|0.00|0.00|56.78|0||||||||0.00|0.00|
313021302|28/02/2013|HLCUS|01|01|28/02/2013|055|034438|03|7|462494351||FUENTES||MARINA||2|1|1|567.82|0.00|0.00|56.78|0||||||||0.00|0.00|
313021303|28/02/2013|HLCUS|01|01|28/02/2013|055|034439|03|7|WL424843||GORMAN||WILFRED DAVID||2|1|1|567.82|0.00|0.00|56.78|0||||||||0.00|0.00|
313021304|28/02/2013|HLCUS|01|01|28/02/2013|055|034440|03|7|444454676||LEVINE||RONALD WOLF||2|1|1|567.82|0.00|0.00|56.78|0||||||||0.00|0.00|
313021305|28/02/2013|HLCUS|01|01|28/02/2013|055|034441|03|7|217547515||MARTEL||NANCY||2|1|1|567.82|0.00|0.00|56.78|0||||||||0.00|0.00|
313021306|28/02/2013|HLCUS|01|01|28/02/2013|055|034442|03|7|4548477151||PETERSON||ROGER ANDREW||2|1|1|567.82|0.00|0.00|56.78|0||||||||0.00|0.00|
313021307|28/02/2013|HLCUS|01|01|28/02/2013|055|034443|03|7|469103577||HUBSHER||MASON||2|1|1|567.82|0.00|0.00|56.78|0||||||||0.00|0.00|
313021312|28/02/2013|HLCUS|01|01|28/02/2013|055|034448|02|6|20549619950|PASSION TRAVEL PERU SAC|||||2|1|1|17917.30|0.00|0.00|1791.73|0||||||||0.00|0.00|
313021254|28/02/2013|HLCUS|01|01|28/02/2013|055|034476|02|6|20536830376|LIMA TOURS SAC|||||2|1|1|25923.56|0.00|0.00|2592.38|0||||||||0.00|0.00|
313021255|28/02/2013|HLCUS|01|01|28/02/2013|055|034477|02|6|20100140692|CONDOR TRAVEL S A|||||2|1|1|10569.20|0.00|0.00|1056.98|0||||||||0.00|0.00|
313021265|28/02/2013|HLCUS|01|01|28/02/2013|055|034487|02|6|20100140692|CONDOR TRAVEL S A|||||2|1|1|5582.70|0.00|0.00|558.30|0||||||||0.00|0.00|
313021266|28/02/2013|HLCUS|01|01|28/02/2013|055|034488|02|6|20126339632|COSTAMAR TRAVEL CRUISE  TOURS SAC|||||2|1|1|1602.80|0.00|0.00|160.29|0||||||||0.00|0.00|
913021112|28/02/2013|03285|01|01|28/02/2013|061|014245|03|7|PP2293235||MAHFOUD||PIERRE ALEX||1|1|1|701.26|0.00|0.00|70.12|0||||||||0.00|0.00|
913021114|28/02/2013|03285|01|01|28/02/2013|061|014247|03|7|422347820||JERNIGAN||CLIFFORD EDGAR||1|1|1|2598.75|0.00|0.00|259.89|0||||||||0.00|0.00|
913021115|28/02/2013|03285|01|01|28/02/2013|061|014248|03|7|AM83706||LUNA CABRERA||MARIA CAMILA||1|1|1|1003.77|0.00|0.00|100.38|0||||||||0.00|0.00|
913021116|28/02/2013|03285|01|01|28/02/2013|061|014249|03|7|39691345||LUNA CABRERA||ANGELA MARIA||1|1|1|2186.25|0.00|0.00|218.64|0||||||||0.00|0.00|
913021117|28/02/2013|03285|01|01|28/02/2013|061|014250|03|7|51860630||F LUNA||LUISA||1|1|1|2186.25|0.00|0.00|218.64|0||||||||0.00|0.00|
913021119|28/02/2013|03285|01|01|28/02/2013|061|014252|03|7|70034573||LARRAIN DE TORO||FERNANDO||1|1|1|1402.50|0.00|0.00|140.26|0||||||||0.00|0.00|
913021120|28/02/2013|03285|01|01|28/02/2013|061|014253|03|7|200732103||LARRAIN OLIVARES||CELESTE||1|1|1|1402.50|0.00|0.00|140.26|0||||||||0.00|0.00|
913021121|28/02/2013|03285|01|01|28/02/2013|061|014254|03|7|AAG383545||ANITUA||JAVIER||2|1|1|559.43|0.00|0.00|55.95|0||||||||0.00|0.00|
913021122|28/02/2013|03285|01|01|28/02/2013|061|014255|03|7|435735618||JASAITIS||ANDREW||1|1|1|440.00|0.00|0.00|44.00|0||||||||0.00|0.00|
913021123|28/02/2013|03285|01|01|28/02/2013|061|014256|03|7|WQ664990||KUGAN||RON||1|1|1|330.00|0.00|0.00|33.00|0||||||||0.00|0.00|
913021124|28/02/2013|03285|01|01|28/02/2013|061|014257|03|7|L339910||RAMAO DE SOUSA||JOSE ROMAO||2|1|1|1048.41|0.00|0.00|104.84|0||||||||0.00|0.00|
913021125|28/02/2013|03285|01|01|28/02/2013|061|014258|02|6|20450617017|MOUNTAIN HIGH SAC|||||2|1|1|740.75|0.00|0.00|74.08|0||||||||0.00|0.00|
913021126|28/02/2013|03285|01|01|28/02/2013|061|014259|02|6|20100939704|VIAJES GOLDEN TOURS SA|||||2|1|1|1481.49|0.00|0.00|148.16|0||||||||0.00|0.00|
913021127|28/02/2013|03285|01|01|28/02/2013|061|014260|02|6|20450617017|MOUNTAIN HIGH SAC|||||2|1|1|1481.49|0.00|0.00|148.16|0||||||||0.00|0.00|
913021129|28/02/2013|03285|01|01|28/02/2013|061|014262|02|6|20100939887|SERVICIOS TURISTICOS GENERALES SA|||||2|1|1|7598.46|0.00|0.00|759.85|0||||||||0.00|0.00|
913021131|28/02/2013|03285|01|01|28/02/2013|061|014264|02|6|20536830376|LIMA TOURS SAC|||||2|1|1|2113.84|0.00|0.00|211.39|0||||||||0.00|0.00|
613022912|28/02/2013|03513|01|07|28/02/2013|071|002689|01|0|12233539||JARA ESPINOZA||JULY||1|1|1||0.00|0.00|0.00|0||||08|071|000827|29/01/2013||0.00|
613022824|28/02/2013|03513|01|01|28/02/2013|082|011952|03|7|436800289||KAISER||DONALD||1|1|1|1705.00|0.00|0.00|170.50|0||||||||0.00|0.00|
613022825|28/02/2013|03513|01|01|28/02/2013|082|011953|03|7|217111168||MARTINOT||KAREN||1|1|1|458.32|0.00|0.00|45.84|0||||||||0.00|0.00|
613022827|28/02/2013|03513|01|01|28/02/2013|082|011955|03|7|501854104||GAVIRIA||MOISES||1|1|1|976.26|0.00|0.00|97.64|0||||||||0.00|0.00|
613022833|28/02/2013|03513|01|01|28/02/2013|083|005895|02|6|20107767241|VIAJES Y TURISMO MIRAFLORES SAC|||||2|1|1|1280.18|0.00|0.00|128.02|0||||||||0.00|0.00|
613022834|28/02/2013|03513|01|01|28/02/2013|083|005896|03|7|426374853||HILL||KATHERINE||1|1|1|605.00|0.00|0.00|60.51|0||||||||0.00|0.00|
613022838|28/02/2013|03513|01|01|28/02/2013|083|005901|02|6|20110639342|REAL TOURS SA|||||2|1|1|320.04|0.00|0.00|32.01|0||||||||0.00|0.00|
430207581|28/02/2013|03286|01|01|28/02/2013|101|009547|03|7|XD360641||DELSO BAIG||VIRGINIA M||1|1|1|632.50|0.00|0.00|63.25|0||||||||0.00|0.00|
430207582|28/02/2013|03286|01|01|28/02/2013|101|009548|03|7|30276544N||MIRANDA||TOMAS ESTEBAN||1|1|1|1925.00|0.00|0.00|192.52|0||||||||0.00|0.00|
430207604|28/02/2013|03286|01|01|28/02/2013|101|009549|03|7|AAA035215||GLUCKSMANN||SILVINA M||1|1|1|2420.00|0.00|0.00|242.04|0||||||||0.00|0.00|
430207605|28/02/2013|03286|01|01|28/02/2013|101|009550|03|7|488806665||GARITY||CHARLES||1|1|1|1485.00|0.00|0.00|148.53|0||||||||0.00|0.00|
430207609|28/02/2013|03286|01|01|28/02/2013|101|009554|03|7|AN642781||AGUDELO RESTREPO||FELIPE||1|1|1|1980.00|0.00|0.00|198.04|0||||||||0.00|0.00|
430207610|28/02/2013|03286|01|01|28/02/2013|101|009555|03|7|CC51958679||GONZALEZ BECERRA||CLAUDIA PATRICIA||1|1|1|2420.00|0.00|0.00|242.04|0||||||||0.00|0.00|
430207611|28/02/2013|03286|01|01|28/02/2013|101|009556|03|7|444575435||ORTIZ||MANUEL||1|1|1|2433.75|0.00|0.00|243.40|0||||||||0.00|0.00|
430207612|28/02/2013|03286|01|01|28/02/2013|101|009557|03|7|488684301||CHARNEY||AARON BRETT||1|1|1|2282.50|0.00|0.00|228.26|0||||||||0.00|0.00|
430207613|28/02/2013|03286|01|01|28/02/2013|101|009558|03|7|099193159||CARTER||CHARLES RALPH||1|1|1|2282.50|0.00|0.00|228.26|0||||||||0.00|0.00|
430207614|28/02/2013|03286|01|01|28/02/2013|101|009559|03|7|306882760||BOCHI||GABRIEL||1|1|1|1608.00|0.00|0.00|160.83|0||||||||0.00|0.00|
430207615|28/02/2013|03286|01|01|28/02/2013|101|009560|03|7|PE065844||RODRIGUEZ GOMEZ||CARLOS ALBERTO||1|1|1|1815.00|0.00|0.00|181.53|0||||||||0.00|0.00|
430207616|28/02/2013|03286|01|01|28/02/2013|101|009561|03|7|453447023||RUIZ COMAS||RAMON MANUEL||2|1|1|2097.07|0.00|0.00|209.72|0||||||||0.00|0.00|
430207617|28/02/2013|03286|01|01|28/02/2013|101|009562|03|7|483793893||GONZALEZ||JORGE ALEJANDRO||1|1|1|2310.00|0.00|0.00|231.03|0||||||||0.00|0.00|
430207618|28/02/2013|03286|01|01|28/02/2013|101|009563|03|7|28910187||IPES||LEANDRO JAVIER||1|1|1|2420.00|0.00|0.00|242.04|0||||||||0.00|0.00|
430207619|28/02/2013|03286|01|01|28/02/2013|101|009564|03|7|28369105||FERNANDEZ||FEDERICO GUILLERMO||1|1|1|2420.00|0.00|0.00|242.04|0||||||||0.00|0.00|
430207468|28/02/2013|03286|01|01|28/02/2013|102|015003|03|7|G08347422||RAMIREZ||RICARDO||1|1|1|2420.00|0.00|0.00|242.04|0||||||||0.00|0.00|
430207469|28/02/2013|03286|01|01|28/02/2013|102|015004|03|7|048368980||LABOY||GINNETTE||1|1|1|3080.00|0.00|0.00|308.04|0||||||||0.00|0.00|
430207470|28/02/2013|03286|01|01|28/02/2013|102|015005|03|7|G07961771||FLORES VEGA||CARLOS||1|1|1|2420.00|0.00|0.00|242.04|0||||||||0.00|0.00|
430207471|28/02/2013|03286|01|01|28/02/2013|102|015006|03|7|71769089||EYZAGUIRRE PEPPER||ALVARO JOSE||1|1|1|2420.00|0.00|0.00|242.04|0||||||||0.00|0.00|
430207472|28/02/2013|03286|01|01|28/02/2013|102|015007|03|7|30845||GUAIPATIN||CARLOS||1|1|1|1691.25|0.00|0.00|169.14|0||||||||0.00|0.00|
430207473|28/02/2013|03286|01|01|28/02/2013|102|015008|03|7|30845||GUAIPATIN||CARLOS||1|1|1|563.75|0.00|0.00|56.38|0||||||||0.00|0.00|
430207474|28/02/2013|03286|01|01|28/02/2013|102|015009|03|7|23786989N||SARAVIA||SERGIO OMAR||1|1|1|2310.00|0.00|0.00|231.03|0||||||||0.00|0.00|
430207475|28/02/2013|03286|01|01|28/02/2013|102|015010|03|7|096841646||GUERRA BRADY||VICTORIA||1|1|1|660.00|0.00|0.00|66.00|0||||||||0.00|0.00|
430207476|28/02/2013|03286|01|01|28/02/2013|102|015011|03|7|096841646||GUERRA BRADY||VICTORIA||1|1|1|2640.00|0.00|0.00|264.00|0||||||||0.00|0.00|
430207477|28/02/2013|03286|01|01|28/02/2013|102|015012|03|7|430645136||KLOPFER||JASON||1|1|1|1787.50|0.00|0.00|178.76|0||||||||0.00|0.00|
430207478|28/02/2013|03286|01|01|28/02/2013|102|015013|03|7|488806369||GARCES ARANGO||RAMIRO||1|1|1|1815.00|0.00|0.00|181.53|0||||||||0.00|0.00|
430207481|28/02/2013|03286|01|01|28/02/2013|102|015016|03|7|32737087||MELERO||MATIAS||1|1|1|1443.75|0.00|0.00|144.39|0||||||||0.00|0.00|
430207482|28/02/2013|03286|01|01|28/02/2013|102|015017|03|7|047276097||SANCHEZ LUGO||RAUL OSCAR||1|1|1|1210.00|0.00|0.00|121.02|0||||||||0.00|0.00|
430207483|28/02/2013|03286|01|01|28/02/2013|102|015018|03|7|761067614||MOODY STUART||ALEX||1|1|1|1567.50|0.00|0.00|156.78|0||||||||0.00|0.00|
430207484|28/02/2013|03286|01|01|28/02/2013|102|015019|03|7|AN293971||NAVAS||GERMAN||1|1|1|2420.00|0.00|0.00|242.04|0||||||||0.00|0.00|
430207485|28/02/2013|03286|01|01|28/02/2013|102|015020|03|7|19249020||SANCHEZ BERNAL||JOSE LUIS||1|1|1|2420.00|0.00|0.00|242.04|0||||||||0.00|0.00|
430207486|28/02/2013|03286|01|01|28/02/2013|102|015021|03|7|G05942166||MESSMACHER HENRIQUEZ||ALEJANDRO JOSE||1|1|1|3423.75|0.00|0.00|342.39|0||||||||0.00|0.00|
430207568|28/02/2013|03286|01|01|28/02/2013|103|010781|03|7|YA3998475||SALMAIN||DIEGO||1|1|1|1787.50|0.00|0.00|178.76|0||||||||0.00|0.00|
430207569|28/02/2013|03286|01|01|28/02/2013|103|010782|03|7|QA881235||ANDRADE||CLAUDIO FELIPE||1|1|1|2928.75|0.00|0.00|292.89|0||||||||0.00|0.00|
430207570|28/02/2013|03286|01|01|28/02/2013|103|010783|03|7|31491||LUDENA||CARLOS EDUARDO||1|1|1|1127.50|0.00|0.00|112.76|0||||||||0.00|0.00|
430207571|28/02/2013|03286|01|01|28/02/2013|103|010784|03|7|058431425||PAZ SIRIT||RAFAEL JESUS||1|1|1|2420.00|0.00|0.00|242.04|0||||||||0.00|0.00|
430207572|28/02/2013|03286|01|01|28/02/2013|103|010785|03|7|11CX71914||LEININGER||CLAIRE||1|1|1|1815.00|0.00|0.00|181.53|0||||||||0.00|0.00|
430207574|28/02/2013|03286|01|01|28/02/2013|103|010787|03|7|209947197||MARTORELL BASANTA||FRANCISCO||2|1|1|3355.30|0.00|0.00|335.55|0||||||||0.00|0.00|
430207579|28/02/2013|03286|01|01|28/02/2013|103|010792|03|7|PT4814847||TORRES OBLEAS||AMANCAYA SABINA||1|1|1|1617.00|0.00|0.00|161.73|0||||||||0.00|0.00|
430207580|28/02/2013|03286|01|01|28/02/2013|103|010793|03|7|105338345||DYSON||ERIK||1|1|1|715.00|0.00|0.00|71.51|0||||||||0.00|0.00|
430207583|28/02/2013|03286|01|01|28/02/2013|103|010794|03|7|222347917||YANG||DI||1|1|1|2717.00|0.00|0.00|271.72|0||||||||0.00|0.00|
430207585|28/02/2013|03286|01|01|28/02/2013|103|010796|03|7|AAC383000||PALOMINO||ENRIQUE||1|1|1|7279.32|0.00|0.00|728.18|0||||||||0.00|0.00|
430207586|28/02/2013|03286|01|01|28/02/2013|103|010797|03|7|04FC38898||NICOLAS||LUDOVIC||1|1|1|1815.00|0.00|0.00|181.53|0||||||||0.00|0.00|
430207587|28/02/2013|03286|01|01|28/02/2013|103|010798|03|7|212807958||BUKOW||TINA MARIE||1|1|1|2310.00|0.00|0.00|231.03|0||||||||0.00|0.00|
430207590|28/02/2013|03286|01|01|28/02/2013|103|010801|03|7|477734237||ARD||ETHAN DAVID SOLOMON||1|1|1|1925.00|0.00|0.00|192.52|0||||||||0.00|0.00|
430207591|28/02/2013|03286|01|01|28/02/2013|103|010802|03|7|21481872N||ROBREDO||HORACIO MARTIN||1|1|1|1127.50|0.00|0.00|112.76|0||||||||0.00|0.00|
430207592|28/02/2013|03286|01|01|28/02/2013|103|010803|03|7|BA175719||MURRAY||ANNA||1|1|1|2956.25|0.00|0.00|295.65|0||||||||0.00|0.00|
430207593|28/02/2013|03286|01|01|28/02/2013|103|010804|03|7|043286465||LOPEZ PULIDO||CARLOS IVAN||1|1|1|385.00|0.00|0.00|38.50|0||||||||0.00|0.00|
430207594|28/02/2013|03286|01|01|28/02/2013|103|010805|03|7|BM36C5397||DE JONG||JOOST ARYAN||1|1|1|1787.50|0.00|0.00|178.76|0||||||||0.00|0.00|
430207700|28/02/2013|03286|01|01|28/02/2013|104|001386|02|6|20100140692|CONDOR TRAVEL S A|||||2|1|1|7722.35|0.00|0.00|772.31|0||||||||0.00|0.00|
430207646|28/02/2013|03286|01|01|28/02/2013|104|001387|02|6|20100140692|CONDOR TRAVEL S A|||||2|1|1|3861.18|0.00|0.00|386.16|0||||||||0.00|0.00|
430207648|28/02/2013|03286|01|01|28/02/2013|104|001389|02|6|20100140692|CONDOR TRAVEL S A|||||2|1|1|7523.62|0.00|0.00|752.41|0||||||||0.00|0.00|
