513020402|15/02/2013|HLLIM|01|01|15/02/2013|011|074064|03|7|G06408954||PASTRANA LIRA||RAYMUNDO EUGENIO||1|1|1|330.00|0.00|0.00|33.01|0||||||||0.00|0.00|
513020415|15/02/2013|HLLIM|01|01|15/02/2013|011|074066|03|7|CC71222065||ZAPATA ACOSTA||CARLOS ALBERTO||1|1|1|1580.00|0.00|0.00|158.05|0||||||||0.00|0.00|
513020416|15/02/2013|HLLIM|01|01|15/02/2013|011|074067|03|7|AM814548||MONTOYA LOPEZ||MICHEL CAYETANO||1|1|1|1580.00|0.00|0.00|158.05|0||||||||0.00|0.00|
513020417|15/02/2013|HLLIM|01|01|15/02/2013|011|074068|03|7|72157264||BALLESTEROS FONTECHA||SAULO DAVID||1|1|1|715.00|0.00|0.00|71.52|0||||||||0.00|0.00|
513020418|15/02/2013|HLLIM|01|01|15/02/2013|011|074071|03|7|486172892||BETTMANN||FRANK ADAM||2|1|1|184.82|0.00|0.00|18.49|0||||||||0.00|0.00|
513020419|15/02/2013|HLLIM|01|01|15/02/2013|011|074072|03|7|X4763110||JUCHLER||KARL ALBERT||2|1|1|184.82|0.00|0.00|18.49|0||||||||0.00|0.00|
513020411|15/02/2013|HLLIM|01|01|15/02/2013|011|074078|03|7|CW594541||MELOTTO||EDEMAR||1|1|1|728.75|0.00|0.00|72.89|0||||||||0.00|0.00|
513020398|15/02/2013|HLLIM|01|01|15/02/2013|011|074082|02|6|20490646320|SATO TRAVELS  SAC|||||2|1|1|1427.25|0.00|0.00|142.73|0||||||||0.00|0.00|
513020401|15/02/2013|HLLIM|01|01|15/02/2013|011|074085|03|7|31991544||ARBELAEZ|NN|NORMA CONSTANZA||1|1|1|688.00|0.00|0.00|68.82|0||||||||0.00|0.00|
213020584|15/02/2013|HLAQP|01|01|15/02/2013|021|119333|03|7|424538662||CALHOUN||THOMAS FRANCIS||1|1|1|742.50|0.00|0.00|74.26|0||||||||0.00|0.00|
213020564|15/02/2013|HLAQP|01|01|15/02/2013|021|119336|03|7|XXXXXX28||STRICKLER||CHRISTIAN||1|1|1|742.50|0.00|0.00|74.26|0||||||||0.00|0.00|
213020565|15/02/2013|HLAQP|01|01|15/02/2013|021|119337|03|7|433775456||HARDIN||MARK||1|1|1|1113.75|0.00|0.00|111.39|0||||||||0.00|0.00|
213020566|15/02/2013|HLAQP|01|01|15/02/2013|021|119338|03|7|444880673||COBB||WILLIAM||1|1|1|742.50|0.00|0.00|74.26|0||||||||0.00|0.00|
213020568|15/02/2013|HLAQP|01|01|15/02/2013|021|119340|02|6|20387589181|VIAJES PACIFICO SAC|||||2|1|1|528.80|0.00|0.00|52.89|0||||||||0.00|0.00|
213020569|15/02/2013|HLAQP|01|01|15/02/2013|021|119341|02|6|20374154304|SILVANA TOURS  SAC|||||2|1|1|405.59|0.00|0.00|40.57|0||||||||0.00|0.00|
213020585|15/02/2013|HLAQP|01|01|15/02/2013|021|119342|03|7|C22PZV2L6||SCHAFER||SIEGFRIED||2|1|1|533.94|0.00|0.00|53.39|0||||||||0.00|0.00|
213020586|15/02/2013|HLAQP|01|01|15/02/2013|021|119345|03|7|218525127||LYTLE||STEVEN JOSEPH||1|1|1|1155.00|0.00|0.00|115.53|0||||||||0.00|0.00|
213020587|15/02/2013|HLAQP|01|01|15/02/2013|021|119346|03|7|099043959||BUTCHER||GUY||1|1|1|4276.25|0.00|0.00|427.63|0||||||||0.00|0.00|
213020588|15/02/2013|HLAQP|01|01|15/02/2013|021|119347|03|7|153781591||SILVA||MATIAS||1|1|1|1237.50|0.00|0.00|123.76|0||||||||0.00|0.00|
813020661|15/02/2013|HLTRU|01|01|15/02/2013|031|150720|03|7|52367535P||SOLA||GONZALO||1|1|1|496.00|0.00|0.00|49.62|0||||||||0.00|0.00|
813020640|15/02/2013|HLTRU|01|01|15/02/2013|031|150728|03|7|104673243||JARVIS|NN|MARTIN||1|1|1|1237.50|0.00|0.00|123.78|0||||||||0.00|0.00|
813020651|15/02/2013|HLTRU|01|01|15/02/2013|031|150741|03|7|07230018757||PARDO OCHOA||ANTONIO||1|1|1|330.00|0.00|0.00|33.01|0||||||||0.00|0.00|
713020504|15/02/2013|HLPUN|01|01|15/02/2013|047|089474|02|6|20538843777|CANTUTA TRAVEL SERVICE EIRL|||||2|1|1|557.04|0.00|0.00|55.71|0||||||||0.00|0.00|
713020505|15/02/2013|HLPUN|01|01|15/02/2013|047|089475|02|6|20108770750|FIESTA TOURS INTERNATIONAL SA|||||2|1|1|610.95|0.00|0.00|61.10|0||||||||0.00|0.00|
713020506|15/02/2013|HLPUN|01|01|15/02/2013|047|089476|02|6|20204921807|SOUTH AMERICAN TOURS DEL PERU SA|||||2|1|1|477.46|0.00|0.00|47.76|0||||||||0.00|0.00|
430203706|15/02/2013|03286|01|01|15/02/2013|103|010515|03|7|04320005641||GARCIA LOPEZ||RODRIGO||1|1|1|1072.00|0.00|0.00|107.22|0||||||||0.00|0.00|
430203707|15/02/2013|03286|01|01|15/02/2013|103|010516|03|7|25909719N||DOMINGUEZ||GUSTAVO ALEJANDRO||1|1|1|2035.00|0.00|0.00|203.52|0||||||||0.00|0.00|
430203708|15/02/2013|03286|01|01|15/02/2013|103|010517|03|7|27085236N||CASTILLO||SEBASTIAN CRUZ||1|1|1|2413.14|0.00|0.00|241.32|0||||||||0.00|0.00|
430203710|15/02/2013|03286|01|01|15/02/2013|103|010519|03|7|G06393060||FERNANDEZ BARAJAS||ENRIQUE ALFONSO||1|1|1|1650.00|0.00|0.00|165.04|0||||||||0.00|0.00|
430203711|15/02/2013|03286|01|01|15/02/2013|103|010520|03|7|72050711||PALMA||JOSE G||1|1|1|2598.75|0.00|0.00|259.89|0||||||||0.00|0.00|
430203941|15/02/2013|03286|01|01|15/02/2013|103|010521|03|7|16894970N||ARACRE||ANTONIO RAUL||1|1|1|1340.00|0.00|0.00|134.02|0||||||||0.00|0.00|
430203942|15/02/2013|03286|01|01|15/02/2013|103|010522|03|7|FF872004||BUZZETO||JORGE||1|1|1|1340.00|0.00|0.00|134.02|0||||||||0.00|0.00|
430203943|15/02/2013|03286|01|01|15/02/2013|103|010523|03|7|FF720081||ZANGIROLAMI||RINALDO CESAR||1|1|1|1340.00|0.00|0.00|134.02|0||||||||0.00|0.00|
430203944|15/02/2013|03286|01|01|15/02/2013|103|010526|03|7|FD264695||BERNAL MOLEIRO||GILSON||1|1|1|1340.00|0.00|0.00|134.02|0||||||||0.00|0.00|
430203945|15/02/2013|03286|01|01|15/02/2013|103|010527|03|7|FF128884||BACHNER||DANIEL||1|1|1|1340.00|0.00|0.00|134.02|0||||||||0.00|0.00|
430203946|15/02/2013|03286|01|01|15/02/2013|103|010528|03|7|FB601258||CLEMENCIO GONZAGA P||JOSE LUIS||1|1|1|1340.00|0.00|0.00|134.02|0||||||||0.00|0.00|
430203714|15/02/2013|03286|01|01|15/02/2013|103|010529|02|6|20536830376|LIMA TOURS SAC|||||2|1|1|960.06|0.00|0.00|96.02|0||||||||0.00|0.00|
430203947|15/02/2013|03286|01|01|15/02/2013|103|010530|03|7|AAF843804||HERRERO ARNAIZ||FERNANDO PABLO||1|1|1|1402.50|0.00|0.00|140.26|0||||||||0.00|0.00|
430203715|15/02/2013|03286|01|01|15/02/2013|103|010531|03|7|477734237||ARD||ETHAN DAVID SOLOMON||1|1|1|2406.25|0.00|0.00|240.65|0||||||||0.00|0.00|
430203948|15/02/2013|03286|01|01|15/02/2013|103|010532|03|7|18485204N||BUSCAGLIA||HORACIO RAUL||1|1|1|1608.00|0.00|0.00|160.83|0||||||||0.00|0.00|
430203949|15/02/2013|03286|01|01|15/02/2013|103|010536|03|7|30041859||CERVIO||ELENA SOLEDAD||1|1|1|5907.00|0.00|0.00|590.76|0||||||||0.00|0.00|
430203719|15/02/2013|03286|01|01|15/02/2013|103|010537|03|7|028938499||LIMARDO||SERGIO||1|1|1|2117.50|0.00|0.00|211.77|0||||||||0.00|0.00|
713020512|15/02/2013|HLPUN|01|01|15/02/2013|047|089482|02|6|20536830376|LIMA TOURS SAC|||||2|1|1|3419.24|0.00|0.00|341.94|0||||||||0.00|0.00|
313020657|15/02/2013|HLCUS|01|01|15/02/2013|055|034226|03|7|FD599630||TOME OLIVEIRA||JOAO GABRIEL||1|1|1|701.25|0.00|0.00|70.12|0||||||||0.00|0.00|
313020658|15/02/2013|HLCUS|01|01|15/02/2013|055|034227|03|7|BA775303||STILLWELL||IAN ROGER||1|1|1|398.75|0.00|0.00|39.88|0||||||||0.00|0.00|
313020659|15/02/2013|HLCUS|01|01|15/02/2013|055|034228|03|7|BA345863||HAWLEY||PATRICK MARK||1|1|1|398.75|0.00|0.00|39.88|0||||||||0.00|0.00|
313020660|15/02/2013|HLCUS|01|01|15/02/2013|055|034229|02|6|20512835628|ANDES TOURS TRAVEL SA|||||2|1|1|1062.74|0.00|0.00|106.27|0||||||||0.00|0.00|
313020661|15/02/2013|HLCUS|01|01|15/02/2013|055|034230|02|6|20100912768|TRAVEL GROUP PERU SA|||||2|1|1|1283.50|0.00|0.00|128.37|0||||||||0.00|0.00|
313020663|15/02/2013|HLCUS|01|01|15/02/2013|055|034232|02|6|20101010181|VIRACOCHA TURISMO INTERNACIONAL S A|||||2|1|1|2556.73|0.00|0.00|255.67|0||||||||0.00|0.00|
313020669|15/02/2013|HLCUS|01|07|15/02/2013|057|003146|02|6|20100973473|COLTUR PERUANA DE TURISMO S A|||||1|1|1||0.00|0.00|-5.23|0||||01|055|034109|09/02/2013||0.00|
913020612|15/02/2013|03285|01|01|15/02/2013|061|014084|03|7|AAG629085||FERNANDEZ||DANIEL||1|1|1|2197.24|0.00|0.00|219.72|0||||||||0.00|0.00|
913020613|15/02/2013|03285|01|01|15/02/2013|061|014085|03|7|AAG399993||VELASCO ORTEGA||JULIO||1|1|1|3225.76|0.00|0.00|322.56|0||||||||0.00|0.00|
913020614|15/02/2013|03285|01|01|15/02/2013|061|014087|03|7|510936892||RODRIGUES DA SILVA||JOÇO FELIPE||1|1|1|1424.51|0.00|0.00|142.45|0||||||||0.00|0.00|
913020615|15/02/2013|03285|01|01|15/02/2013|061|014089|03|7|510936892||RODRIGUES DA SILVA||JOÇO FELIPE||2|1|1|700.09|0.00|0.00|70.01|0||||||||0.00|0.00|
913020616|15/02/2013|03285|01|01|15/02/2013|061|014090|03|7|510936892||RODRIGUES DA SILVA||JOÇO FELIPE||1|1|1|22.73|0.00|0.00|2.27|0||||||||0.00|0.00|
913020617|15/02/2013|03285|01|01|15/02/2013|061|014091|03|7|698566699||RASSI||LARA||2|1|1|2563.78|0.00|0.00|256.37|0||||||||0.00|0.00|
913020618|15/02/2013|03285|01|01|15/02/2013|061|014092|03|7|FG579925||RASSI||ANGEL||2|1|1|2563.78|0.00|0.00|256.37|0||||||||0.00|0.00|
913020619|15/02/2013|03285|01|01|15/02/2013|061|014093|03|7|8965332266||BUSTAMANTE||ADAN||2|1|1|1025.51|0.00|0.00|102.55|0||||||||0.00|0.00|
913020620|15/02/2013|03285|01|01|15/02/2013|061|014097|03|7|CZ058423||CAMPOS||FERNANDO||2|1|1|2563.81|0.00|0.00|256.37|0||||||||0.00|0.00|
613021481|15/02/2013|03513|01|07|15/02/2013|071|002664|03|7|WR953677||LAZUTIN||ALEKSANDER||1|1|1||0.00|0.00|-109.37|0||||01|082|011721|04/02/2013||0.00|
613021484|15/02/2013|03513|01|01|15/02/2013|082|011828|03|7|218673973||ANZ||CHERYL MAUREEN||1|1|1|1858.32|0.00|0.00|185.82|0||||||||0.00|0.00|
613021485|15/02/2013|03513|01|01|15/02/2013|083|005784|01|0|12256260||FERREIRA||LILIA ROSA||2|1|1|1411.85|0.00|0.00|141.19|0||||||||0.00|0.00|
613021471|15/02/2013|03513|01|01|15/02/2013|083|005787|02|6|20172496904|INSTINCT SRLTDA|||||2|1|1|636.62|0.00|0.00|63.66|0||||||||0.00|0.00|
613021486|15/02/2013|03513|01|01|15/02/2013|083|005791|03|7|474159385||SALINAS||ABIGAIL||1|1|1|660.00|0.00|0.00|66.00|0||||||||0.00|0.00|
613021476|15/02/2013|03513|01|01|15/02/2013|083|005793|02|6|20112846477|TRAVEL TIMESA|||||2|1|1|636.62|0.00|0.00|63.66|0||||||||0.00|0.00|
613021416|15/02/2013|03513|01|01|15/02/2013|083|005796|03|7|WR953677||LAZUTIN||ALEKSANDER||2|1|1|1020.90|0.00|0.00|102.09|0||||||||0.00|0.00|
613021482|15/02/2013|03513|01|01|15/02/2013|083|005797|03|7|150148669||SOTO ALBALLAY||ROBERTO CARLOS||2|1|1|807.52|0.00|0.00|80.75|0||||||||0.00|0.00|
430203656|15/02/2013|03286|01|01|15/02/2013|101|009383|03|7|479078775||ECHEVARRIA||CHRISTINE||1|1|1|1402.50|0.00|0.00|140.28|0||||||||0.00|0.00|
430203657|15/02/2013|03286|01|01|15/02/2013|101|009384|03|7|109330118||PONTIGO AGUILAR||JULIO ALBERTO||1|1|1|606.00|0.00|0.00|60.61|0||||||||0.00|0.00|
430203658|15/02/2013|03286|01|01|15/02/2013|101|009385|03|7|BA174327||GAROFALO||DAVID ANTHONY||1|1|1|1608.75|0.00|0.00|160.89|0||||||||0.00|0.00|
430203659|15/02/2013|03286|01|01|15/02/2013|101|009386|03|7|BA724893||HAIR||ALAN THOMAS||1|1|1|1608.75|0.00|0.00|160.89|0||||||||0.00|0.00|
430203914|15/02/2013|03286|01|01|15/02/2013|101|009387|03|7|J511253||RAMOS OLIVEIRA DE SA||PAULO CESAR||1|1|1|1485.00|0.00|0.00|148.53|0||||||||0.00|0.00|
430203915|15/02/2013|03286|01|01|15/02/2013|101|009388|03|7|FG084750||BRUNNER||VALTER||1|1|1|1072.00|0.00|0.00|107.22|0||||||||0.00|0.00|
430203916|15/02/2013|03286|01|01|15/02/2013|101|009389|03|7|BA602456||MARIN REAnO||MARIA ALMUDENA||1|1|1|2405.00|0.00|0.00|240.55|0||||||||0.00|0.00|
430203917|15/02/2013|03286|01|01|15/02/2013|101|009390|03|7|G06191106||RIVERA HERNANDEZ||GUILLERMO||1|1|1|2612.50|0.00|0.00|261.30|0||||||||0.00|0.00|
430203918|15/02/2013|03286|01|01|15/02/2013|101|009391|03|7|X3017715||BERWEGER||PETER||1|1|1|1072.00|0.00|0.00|107.22|0||||||||0.00|0.00|
430203660|15/02/2013|03286|01|01|15/02/2013|101|009392|03|7|444770277||BEATY||DEREK||1|1|1|1650.00|0.00|0.00|165.00|0||||||||0.00|0.00|
430203919|15/02/2013|03286|01|01|15/02/2013|101|009393|03|7|FH165919||PEREIRA SOARES||JANAINA||1|1|1|1683.00|0.00|0.00|168.33|0||||||||0.00|0.00|
430203920|15/02/2013|03286|01|01|15/02/2013|101|009394|03|7|BD230660||MARTIN DE VEGA||SALVADOR||1|1|1|935.00|0.00|0.00|93.51|0||||||||0.00|0.00|
430203661|15/02/2013|03286|01|01|15/02/2013|101|009395|03|7|FE791625||BROSCO FAMA||MARCELO AUGSUTO||1|1|1|1128.00|0.00|0.00|112.82|0||||||||0.00|0.00|
430203921|15/02/2013|03286|01|01|15/02/2013|101|009396|03|7|100463970||BERRIOS CARRERA||JORGE ENRIQUE||1|1|1|2413.14|0.00|0.00|241.32|0||||||||0.00|0.00|
430203922|15/02/2013|03286|01|01|15/02/2013|101|009397|03|7|471912914||CASTAnEDA GARCIA||MONICA||1|1|1|3575.00|0.00|0.00|357.55|0||||||||0.00|0.00|
430203923|15/02/2013|03286|01|01|15/02/2013|101|009398|03|7|11278804||GOULU||JUAN FEDERICO||1|1|1|1017.50|0.00|0.00|101.76|0||||||||0.00|0.00|
430203924|15/02/2013|03286|01|01|15/02/2013|101|009399|03|7|16249617N||LAMMERTYN||RICARDO FERNANDO||1|1|1|984.50|0.00|0.00|98.46|0||||||||0.00|0.00|
430203662|15/02/2013|03286|01|01|15/02/2013|101|009400|03|7|462083889||CONNER||CHARLES BENJAMIN||1|1|1|1787.50|0.00|0.00|178.76|0||||||||0.00|0.00|
430203663|15/02/2013|03286|01|01|15/02/2013|101|009401|03|7|C316359||OCHOA HILEAMO||EDUARDO MIGUEL||1|1|1|2437.89|0.00|0.00|243.78|0||||||||0.00|0.00|
430203925|15/02/2013|03286|01|01|15/02/2013|101|009403|03|7|EH955899||PISSENS||MARC JOZEF JULIEN||1|1|1|825.00|0.00|0.00|82.50|0||||||||0.00|0.00|
430203926|15/02/2013|03286|01|01|15/02/2013|101|009405|03|7|5400427||SIPPATYY||ALEXANDER||2|1|1|454.36|0.00|0.00|45.44|0||||||||0.00|0.00|
430203927|15/02/2013|03286|01|01|15/02/2013|101|009408|03|7|G04356995||HERNANDEZ RAMIREZ||MARIA TERESA LETICIA||1|1|1|1856.25|0.00|0.00|185.64|0||||||||0.00|0.00|
430203928|15/02/2013|03286|01|01|15/02/2013|102|014649|03|7|G09460587||PERALTA JIMENEZ||JUAN CARLOS||1|1|1|606.00|0.00|0.00|60.61|0||||||||0.00|0.00|
430203624|15/02/2013|03286|01|01|15/02/2013|102|014650|03|7|G10984336||ERAnA ROJAS||ANTONIO||1|1|1|606.00|0.00|0.00|60.61|0||||||||0.00|0.00|
430203625|15/02/2013|03286|01|01|15/02/2013|102|014651|03|7|PE073241||ATEHORTUA||MARCELA||1|1|1|606.00|0.00|0.00|60.61|0||||||||0.00|0.00|
430203884|15/02/2013|03286|01|01|15/02/2013|102|014652|03|7|G06409088||HERNANDEZ DE CHICO||VERONICA||1|1|1|1856.25|0.00|0.00|185.64|0||||||||0.00|0.00|
430203885|15/02/2013|03286|01|01|15/02/2013|102|014653|03|7|217704112||WONG||IRA GENE||1|1|1|247.50|0.00|0.00|24.75|0||||||||0.00|0.00|
430203626|15/02/2013|03286|01|01|15/02/2013|102|014654|02|6|20387589181|VIAJES PACIFICO SAC|||||2|1|1|913.85|0.00|0.00|91.39|0||||||||0.00|0.00|
430203886|15/02/2013|03286|01|01|15/02/2013|102|014655|03|7|YA3256844||FEROLDI||ALESSANDRO||1|1|1|2475.00|0.00|0.00|247.50|0||||||||0.00|0.00|
430203887|15/02/2013|03286|01|01|15/02/2013|102|014656|03|7|20567458N||ORTIZ||FEDERICO||1|1|1|3025.00|0.00|0.00|302.55|0||||||||0.00|0.00|
430203888|15/02/2013|03286|01|01|15/02/2013|102|014657|03|7|449849669||HARDESTY||DENNIS||1|1|1|2695.00|0.00|0.00|269.52|0||||||||0.00|0.00|
430203627|15/02/2013|03286|01|01|15/02/2013|102|014658|03|7|WF237823||COOPER||JOHN IAN||1|1|1|3217.50|0.00|0.00|321.78|0||||||||0.00|0.00|
430203628|15/02/2013|03286|01|01|15/02/2013|102|014659|03|7|452017124||BRICEnO||ADRIAN M||1|1|1|2805.00|0.00|0.00|280.52|0||||||||0.00|0.00|
430203889|15/02/2013|03286|01|01|15/02/2013|102|014660|03|7|801595835||O HARE||PHILIP MARTIN||1|1|1|2337.50|0.00|0.00|233.80|0||||||||0.00|0.00|
430203890|15/02/2013|03286|01|01|15/02/2013|102|014661|03|7|QD695544||BRUBACHER||SCOTT RICHARD||1|1|1|2145.00|0.00|0.00|214.52|0||||||||0.00|0.00|
430203891|15/02/2013|03286|01|01|15/02/2013|102|014663|03|7|AAF001939||DE AZPIAZU ARMADA||ANTONIO JESUS||1|1|1|1485.00|0.00|0.00|148.50|0||||||||0.00|0.00|
430203630|15/02/2013|03286|01|01|15/02/2013|102|014664|03|7|AAA134621||FIORENTINO||WALTER HERNAN||1|1|1|1899.00|0.00|0.00|189.93|0||||||||0.00|0.00|
430203631|15/02/2013|03286|01|01|15/02/2013|102|014665|03|7|422081317||DEAN||PAUL||1|1|1|2420.00|0.00|0.00|242.04|0||||||||0.00|0.00|
430203892|15/02/2013|03286|01|01|15/02/2013|102|014666|03|7|FB194320||SILVEIRA BERTOLACCIN||HUGO||1|1|1|1045.00|0.00|0.00|104.52|0||||||||0.00|0.00|
430203893|15/02/2013|03286|01|01|15/02/2013|102|014667|03|7|YA103644||BANDEIRA DE MELLO JO||EDUARDO JOSE||1|1|1|1683.00|0.00|0.00|168.32|0||||||||0.00|0.00|
430203894|15/02/2013|03286|01|01|15/02/2013|102|014668|03|7|422068851||KEINAN||ALIAZAR M||1|1|1|1476.75|0.00|0.00|147.69|0||||||||0.00|0.00|
430203895|15/02/2013|03286|01|01|15/02/2013|102|014669|03|7|CCF66990168||MARTINEZ||MARIA CAROLINA||1|1|1|1237.50|0.00|0.00|123.78|0||||||||0.00|0.00|
430203632|15/02/2013|03286|01|01|15/02/2013|102|014670|03|7|FE245567||DE ALMEIDA||ROSMEIRE||1|1|1|1899.00|0.00|0.00|189.93|0||||||||0.00|0.00|
430203633|15/02/2013|03286|01|01|15/02/2013|102|014671|03|7|FE738161||SERRAO DE FILIPPO||ALEXANDRE||1|1|1|5406.50|0.00|0.00|540.72|0||||||||0.00|0.00|
430203896|15/02/2013|03286|01|01|15/02/2013|102|014675|03|7|12864940018||RIEVELING ZARAZUA||OSCAR GENOVEVO||1|1|1|518.75|0.00|0.00|50.88|0||||||||0.00|0.00|
430203637|15/02/2013|03286|01|01|15/02/2013|102|014676|03|7|896346312||PEREZ TIRADO||JOSE||1|1|1|605.00|0.00|0.00|60.50|0||||||||0.00|0.00|
430203638|15/02/2013|03286|01|01|15/02/2013|102|014677|03|7|705134366||ARMSTRONG||JAMES ARTHUR||1|1|1|2227.50|0.00|0.00|222.75|0||||||||0.00|0.00|
430203897|15/02/2013|03286|01|01|15/02/2013|102|014678|03|7|107913998||PENDLETON||PETER MICHAEL JAMES||1|1|1|984.50|0.00|0.00|98.46|0||||||||0.00|0.00|
430203898|15/02/2013|03286|01|01|15/02/2013|102|014679|03|7|306893723||COEN||LISA SOFIA||1|1|1|5142.50|0.00|0.00|514.36|0||||||||0.00|0.00|
430203899|15/02/2013|03286|01|01|15/02/2013|102|014680|03|7|23102947N||RODRIGUEZ||DANIEL||1|1|1|2145.00|0.00|0.00|214.52|0||||||||0.00|0.00|
430203950|15/02/2013|03286|01|01|15/02/2013|102|014712|03|7|22963602||ASCH||FLAVIO HERNAN||1|1|1|1340.00|0.00|0.00|134.02|0||||||||0.00|0.00|
430203951|15/02/2013|03286|01|01|15/02/2013|102|014713|03|7|050295137||SCHOLTZ ACEVEDO||LUIS EDUARDO||2|1|1|513.40|0.00|0.00|51.34|0||||||||0.00|0.00|
430203952|15/02/2013|03286|01|01|15/02/2013|102|014714|03|7|G03583174||GIL LEGUIZAMON||JOSE ANTONIO||1|1|1|3025.00|0.00|0.00|302.55|0||||||||0.00|0.00|
430203953|15/02/2013|03286|01|01|15/02/2013|102|014715|03|7|170102037||SEPULVEDA VIGNEAU||KARLA ANDREA||1|1|1|5907.00|0.00|0.00|590.76|0||||||||0.00|0.00|
430203803|15/02/2013|03286|01|01|15/02/2013|102|014716|03|7|29195995N||CIANCAGLINI||PEDRO HERNAN||1|1|1|2255.00|0.00|0.00|225.52|0||||||||0.00|0.00|
430203804|15/02/2013|03286|01|01|15/02/2013|102|014717|03|7|CC86068452||CASTRO OLAYA||MANUEL IGNACIO||1|1|1|1691.25|0.00|0.00|169.14|0||||||||0.00|0.00|
430203954|15/02/2013|03286|01|01|15/02/2013|103|010492|03|7|17820489N||MOLINA||WALTER GABRIEL||1|1|1|3025.00|0.00|0.00|302.55|0||||||||0.00|0.00|
430203955|15/02/2013|03286|01|01|15/02/2013|103|010493|03|7|0406687830||TROCONIS||JORGE||1|1|1|3025.00|0.00|0.00|302.55|0||||||||0.00|0.00|
430203956|15/02/2013|03286|01|01|15/02/2013|103|010494|03|7|032993402||COHEN MUNOZ||RUTH BELLE||1|1|1|1237.50|0.00|0.00|123.78|0||||||||0.00|0.00|
430203878|15/02/2013|03286|01|01|15/02/2013|103|010495|01|0|27263536||ABATE||EMILIANO DIEGO||1|1|1|984.50|0.00|0.00|98.46|0||||||||0.00|0.00|
430203699|15/02/2013|03286|01|01|15/02/2013|103|010496|03|7|CC3355353||ESCOBAR ESCOBAR||FRANCISCO JAVIER||1|1|1|606.00|0.00|0.00|60.61|0||||||||0.00|0.00|
430203929|15/02/2013|03286|01|01|15/02/2013|103|010497|03|7|PE068062||PATInO CARDENAS||OSCAR BERNARDO||1|1|1|606.00|0.00|0.00|60.61|0||||||||0.00|0.00|
430203930|15/02/2013|03286|01|01|15/02/2013|103|010498|03|7|CC43208609||MONTOYA OSORIO||MARIA ALEJANDRA||1|1|1|606.00|0.00|0.00|60.61|0||||||||0.00|0.00|
430203931|15/02/2013|03286|01|01|15/02/2013|103|010500|03|7|A19883200||LIN||DIAAN YI||1|1|1|539.00|0.00|0.00|53.91|0||||||||0.00|0.00|
430203932|15/02/2013|03286|01|01|15/02/2013|103|010501|03|7|QF752774||BARAM||GEORGE ELIAS||1|1|1|1650.00|0.00|0.00|165.00|0||||||||0.00|0.00|
430203933|15/02/2013|03286|01|01|15/02/2013|103|010503|03|7|FE482195||MENDES DE MORAIS||VINICIUS||1|1|1|1212.00|0.00|0.00|121.22|0||||||||0.00|0.00|
430203702|15/02/2013|03286|01|01|15/02/2013|103|010504|03|7|66977613||GARCES||ALBA||1|1|1|606.00|0.00|0.00|60.61|0||||||||0.00|0.00|
430203934|15/02/2013|03286|01|01|15/02/2013|103|010505|03|7|452101571||JARAMILLO||ALEJANDRO||1|1|1|1732.50|0.00|0.00|173.26|0||||||||0.00|0.00|
430203935|15/02/2013|03286|01|01|15/02/2013|103|010506|03|7|045350618||BORGES GIL||HECTOR ELEAZAR||1|1|1|1443.75|0.00|0.00|144.39|0||||||||0.00|0.00|
430203936|15/02/2013|03286|01|01|15/02/2013|103|010509|03|7|16242309N||BALSAMO||FABIAN JORGE||1|1|1|1266.00|0.00|0.00|126.62|0||||||||0.00|0.00|
430203705|15/02/2013|03286|01|01|15/02/2013|103|010510|03|7|18076142N||COLLARDBOVY||DIEGO||1|1|1|1156.00|0.00|0.00|115.62|0||||||||0.00|0.00|
430203937|15/02/2013|03286|01|01|15/02/2013|103|010511|03|7|12549198||SUTTON||CARLOS EDUARDO||1|1|1|1122.00|0.00|0.00|112.22|0||||||||0.00|0.00|
430203938|15/02/2013|03286|01|01|15/02/2013|103|010512|03|7|022281476||RODRIGUEZ NUnEZ||PEDRO JOSE||1|1|1|1692.00|0.00|0.00|169.23|0||||||||0.00|0.00|
430203939|15/02/2013|03286|01|01|15/02/2013|103|010513|03|7|303590301||LEARY||MICHAEL JOHN||1|1|1|2227.50|0.00|0.00|222.75|0||||||||0.00|0.00|
430203940|15/02/2013|03286|01|01|15/02/2013|103|010514|03|7|42897870||ESTRADA ALVAREZ||CLAUDIA ELENA||1|1|1|2681.25|0.00|0.00|268.14|0||||||||0.00|0.00|
430203639|15/02/2013|03286|01|01|15/02/2013|102|014681|03|7|22277991N||GUTTERO||ALEJANDRO JAVIER||1|1|1|2145.00|0.00|0.00|214.53|0||||||||0.00|0.00|
430203900|15/02/2013|03286|01|01|15/02/2013|102|014682|03|7|1703839256||VORBECK DE LA TORRE||ESTEBAN||1|1|1|3025.00|0.00|0.00|302.55|0||||||||0.00|0.00|
430203640|15/02/2013|03286|01|01|15/02/2013|102|014683|03|7|30335127N||AFIONE||CECILIA INES||1|1|1|1899.00|0.00|0.00|189.93|0||||||||0.00|0.00|
430203901|15/02/2013|03286|01|01|15/02/2013|102|014684|03|7|CZ539134||JARDIM JUNIOR||OLYMPIO||1|1|1|1072.00|0.00|0.00|107.22|0||||||||0.00|0.00|
430203641|15/02/2013|03286|01|01|15/02/2013|102|014685|03|7|113028084||TANNER||DAVID||1|1|1|1787.50|0.00|0.00|178.76|0||||||||0.00|0.00|
430203902|15/02/2013|03286|01|01|15/02/2013|102|014686|03|7|761097353||ATKIN||JOHN CHRISTOPHER||1|1|1|1340.00|0.00|0.00|134.02|0||||||||0.00|0.00|
430203903|15/02/2013|03286|01|01|15/02/2013|102|014687|03|7|CZ217087||GUIMARAES||ANTONIO CARLOS||1|1|1|1340.00|0.00|0.00|134.02|0||||||||0.00|0.00|
430203904|15/02/2013|03286|01|01|15/02/2013|102|014688|03|7|206593208||JENSEN||IB BERNHARD||1|1|1|1182.00|0.00|0.00|118.22|0||||||||0.00|0.00|
430203905|15/02/2013|03286|01|01|15/02/2013|102|014689|03|7|66684709||DEL RIO DONOSO||RAFAEL JULIO||1|1|1|1340.00|0.00|0.00|134.02|0||||||||0.00|0.00|
430203906|15/02/2013|03286|01|01|15/02/2013|102|014690|03|7|CC51555574||BERNAL UMBARILA||MARIA DEL ROSARIO||1|1|1|1072.00|0.00|0.00|107.22|0||||||||0.00|0.00|
430203907|15/02/2013|03286|01|01|15/02/2013|102|014692|03|7|YB169267||LAMEGO MORO||GLOVERSON||1|1|1|1340.00|0.00|0.00|134.02|0||||||||0.00|0.00|
430203908|15/02/2013|03286|01|01|15/02/2013|102|014693|03|7|FB17007||GIAMPANI||LAERCIO VALENTIN||1|1|1|1340.00|0.00|0.00|134.02|0||||||||0.00|0.00|
430203909|15/02/2013|03286|01|01|15/02/2013|102|014694|03|7|CX787534||STANGUERLIN||ROMEU||1|1|1|1340.00|0.00|0.00|134.02|0||||||||0.00|0.00|
430203642|15/02/2013|03286|01|01|15/02/2013|102|014695|03|7|051566364||CORRAL ARTETA||ALEXIS GUILLERMO||1|1|1|825.00|0.00|0.00|82.52|0||||||||0.00|0.00|
430203910|15/02/2013|03286|01|01|15/02/2013|102|014696|03|7|303905642||ORZANO||MICHAEL NICHOLAS||1|1|1|1430.00|0.00|0.00|143.02|0||||||||0.00|0.00|
430203645|15/02/2013|03286|01|01|15/02/2013|102|014699|03|7|G05514507||HERNANDEZ||ROBERTO||1|1|1|1856.25|0.00|0.00|185.64|0||||||||0.00|0.00|
430203911|15/02/2013|03286|01|01|15/02/2013|102|014700|03|7|06370009405||HERNANDEZ RAMIREZ||ROBERTA||1|1|1|1856.25|0.00|0.00|185.64|0||||||||0.00|0.00|
430203912|15/02/2013|03286|01|01|15/02/2013|102|014701|03|7|G07051757||ABUSAID BARRERA||DAVID||1|1|1|5775.00|0.00|0.00|577.56|0||||||||0.00|0.00|
430203913|15/02/2013|03286|01|01|15/02/2013|102|014702|03|7|047911514||BANDEL||STEVEN IRVING||1|1|1|893.75|0.00|0.00|89.38|0||||||||0.00|0.00|
430203647|15/02/2013|03286|01|01|15/02/2013|102|014704|03|7|016522235||BARDASANO PEREDA||CARLOS||1|1|1|1526.25|0.00|0.00|152.63|0||||||||0.00|0.00|
430203648|15/02/2013|03286|01|01|15/02/2013|102|014705|03|7|706057568||FOSTERMIDDLETON||ROBERT STANLEY||1|1|1|742.50|0.00|0.00|74.25|0||||||||0.00|0.00|
430203649|15/02/2013|03286|01|01|15/02/2013|102|014706|01|0|12232478||GRAUPMANN||JOSEPH||1|1|1|2045.34|0.00|0.00|204.54|0||||||||0.00|0.00|
430203651|15/02/2013|03286|01|01|15/02/2013|102|014708|02|6|20387589181|VIAJES PACIFICO SAC|||||2|1|1|1201.36|0.00|0.00|120.14|0||||||||0.00|0.00|
430203653|15/02/2013|03286|01|01|15/02/2013|102|014710|03|7|06150017575||VEREA SAINZ||CLAUDIA BERENICE||1|1|1|2090.00|0.00|0.00|209.00|0||||||||0.00|0.00|
430203654|15/02/2013|03286|01|01|15/02/2013|102|014711|03|7|JR937486||VINCIC||JOHN||1|1|1|2145.00|0.00|0.00|214.52|0||||||||0.00|0.00|
