312040593|12/04/2012|CUSCO|01|01|12/04/2012|055|025511|01|7|CH1H96XH4||FREIFRAU VON FUNCK||KARIN||1|1|1||0.00|0.00|55.35|0||||||||0.00|0.00|
312040594|12/04/2012|CUSCO|01|01|12/04/2012|055|025512|01|7|096721799||SMITH||SCOTT||1|1|1||0.00|0.00|62.10|0||||||||0.00|0.00|
312040596|12/04/2012|CUSCO|01|01|12/04/2012|055|025514|02|6|20527199507|TRANS TREKPERU E.I.R.L|||||2|1|1||0.00|0.00|90.40|0||||||||0.00|0.00|
312040597|12/04/2012|CUSCO|01|01|12/04/2012|055|025515|01|7|JN0646125||OH||JEDO||2|1|1||0.00|0.00|24.40|0||||||||0.00|0.00|
312040598|12/04/2012|CUSCO|01|01|12/04/2012|055|025516|01|7|452078586||KANNA||RAYMOND SHIGERU||2|1|1||0.00|0.00|18.00|0||||||||0.00|0.00|
312040599|12/04/2012|CUSCO|01|01|12/04/2012|055|025517|01|7|XXXXXXX09||RYU||KI JUN||2|1|1||0.00|0.00|24.40|0||||||||0.00|0.00|
312040600|12/04/2012|CUSCO|01|01|12/04/2012|055|025518|01|7|430920895||DUMAS JR||WILLARD||2|1|1||0.00|0.00|18.00|0||||||||0.00|0.00|
312040601|12/04/2012|CUSCO|01|01|12/04/2012|055|025519|01|7|M39570158||LIM||MAN  GIU||2|1|1||0.00|0.00|24.40|0||||||||0.00|0.00|
312040602|12/04/2012|CUSCO|01|01|12/04/2012|055|025520|01|7|427954716||BABBITT||LORI ANN||2|1|1||0.00|0.00|18.00|0||||||||0.00|0.00|
312040603|12/04/2012|CUSCO|01|01|12/04/2012|055|025521|01|7|422529163||BABBITT||KEITH STEVEN||2|1|1||0.00|0.00|18.00|0||||||||0.00|0.00|
312040604|12/04/2012|CUSCO|01|01|12/04/2012|055|025522|01|7|MP0429966||BYUN||KWANGHO||2|1|1||0.00|0.00|24.40|0||||||||0.00|0.00|
312040605|12/04/2012|CUSCO|01|01|12/04/2012|055|025523|01|7|222409453||MEDLEY||JEROME||2|1|1||0.00|0.00|18.00|0||||||||0.00|0.00|
312040606|12/04/2012|CUSCO|01|01|12/04/2012|055|025524|01|7|M56192322||KIM||KANGWOEN||2|1|1||0.00|0.00|24.40|0||||||||0.00|0.00|
312040607|12/04/2012|CUSCO|01|01|12/04/2012|055|025525|01|0|33333333333||CLIENTE|CONTADO|CUSCO||2|1|1||0.00|0.00|0.00|0||||||||0.00|0.00|
312040608|12/04/2012|CUSCO|01|01|12/04/2012|055|025526|01|7|M0365616||KIM||DONGKYU||2|1|1||0.00|0.00|24.40|0||||||||0.00|0.00|
312040609|12/04/2012|CUSCO|01|01|12/04/2012|055|025527|01|0|33333333333||CLIENTE|CONTADO|CUSCO||2|1|1||0.00|0.00|0.00|0||||||||0.00|0.00|
312040610|12/04/2012|CUSCO|01|01|12/04/2012|055|025528|02|6|20100040043|LIMA TOURS  S.A.|||||2|1|1||0.00|0.00|44.50|0||||||||0.00|0.00|
312040611|12/04/2012|CUSCO|01|01|12/04/2012|055|025529|01|7|10938465||SLABBAERT||HANA||1|1|1||0.00|0.00|342.91|0||||||||0.00|0.00|
312040613|12/04/2012|CUSCO|01|01|12/04/2012|055|025531|01|7|10922658||FAIVISEVITCH||BOAZ||1|1|1||0.00|0.00|342.91|0||||||||0.00|0.00|
312040615|12/04/2012|CUSCO|01|01|12/04/2012|055|025533|02|6|20387589181|VIAJES PACIFICO S.A.C.|||||2|1|1||0.00|0.00|28.00|0||||||||0.00|0.00|
312040616|12/04/2012|CUSCO|01|01|12/04/2012|055|025534|02|6|20100040043|LIMA TOURS  S.A.|||||2|1|1||0.00|0.00|15.50|0||||||||0.00|0.00|
312040617|12/04/2012|CUSCO|01|01|12/04/2012|055|025535|02|6|20100040043|LIMA TOURS  S.A.|||||2|1|1||0.00|0.00|130.60|0||||||||0.00|0.00|
312040618|12/04/2012|CUSCO|01|01|12/04/2012|055|025536|02|6|20100776643|MICKEY TOUR E.I.R.L|||||2|1|1||0.00|0.00|124.80|0||||||||0.00|0.00|
312040619|12/04/2012|CUSCO|01|01|12/04/2012|055|025537|01|7|213139186||DATE||PARSHURAM||2|1|1||0.00|0.00|18.00|0||||||||0.00|0.00|
312040620|12/04/2012|CUSCO|01|01|12/04/2012|055|025538|02|6|20492517349|INKATERRA  EXPERIENCES S.A.C|||||2|1|1||0.00|0.00|19.40|0||||||||0.00|0.00|
312040621|12/04/2012|CUSCO|01|01|12/04/2012|055|025539|01|0|33333333333||CLIENTE|CONTADO|CUSCO||2|1|1||0.00|0.00|0.00|0||||||||0.00|0.00|
312041209|12/04/2012|CUSCO|01|01|12/04/2012|055|025540|02|6|20100040043|LIMA TOURS  S.A.|||||2|1|1||0.00|0.00|210.00|0||||||||0.00|0.00|
312040624|12/04/2012|CUSCO|01|01|12/04/2012|055|025542|01|7|425910760||BHANDIWAD||RAMESH ANANTRAO||2|1|1||0.00|0.00|18.00|0||||||||0.00|0.00|
312040625|12/04/2012|CUSCO|01|01|12/04/2012|055|025543|01|7|430813766||VITKAR||JAYASHREE||2|1|1||0.00|0.00|18.00|0||||||||0.00|0.00|
312040626|12/04/2012|CUSCO|01|01|12/04/2012|055|025544|01|7|438429332||KRISHNA||GOPALA||2|1|1||0.00|0.00|18.00|0||||||||0.00|0.00|
312040627|12/04/2012|CUSCO|01|01|12/04/2012|055|025545|01|7|455025858||MELLOR||NANCY AHLBERG||2|1|1||0.00|0.00|18.00|0||||||||0.00|0.00|
312040628|12/04/2012|CUSCO|01|01|12/04/2012|055|025546|01|7|212948928||OKNINIKOVA||RITA||2|1|1||0.00|0.00|18.00|0||||||||0.00|0.00|
312040629|12/04/2012|CUSCO|01|01|12/04/2012|055|025547|01|7|047366179||PAI||K VASANTH||2|1|1||0.00|0.00|18.00|0||||||||0.00|0.00|
312040630|12/04/2012|CUSCO|01|01|12/04/2012|055|025548|01|7|430813766||KAMATH||VASANT GOPALKRISHNA||2|1|1||0.00|0.00|18.00|0||||||||0.00|0.00|
312040631|12/04/2012|CUSCO|01|01|12/04/2012|055|025549|01|7|452784308||BHANDIWAD||MOHAN||2|1|1||0.00|0.00|18.00|0||||||||0.00|0.00|
312040632|12/04/2012|CUSCO|01|01|12/04/2012|055|025550|01|7|213292895||MC LAUGHLIN||GARY BRUCE||2|1|1||0.00|0.00|18.00|0||||||||0.00|0.00|
312040634|12/04/2012|CUSCO|01|01|12/04/2012|055|025552|02|6|20100939887|SERVICIOS TURISTICOS GENERALES SA|||||2|1|1||0.00|0.00|382.20|0||||||||0.00|0.00|
312040635|12/04/2012|CUSCO|01|01|12/04/2012|055|025553|02|6|20100939887|SERVICIOS TURISTICOS GENERALES SA|||||2|1|1||0.00|0.00|382.20|0||||||||0.00|0.00|
312040636|12/04/2012|CUSCO|01|01|12/04/2012|055|025554|02|6|20100140692|CONDOR TRAVEL S A|||||2|1|1||0.00|0.00|415.15|0||||||||0.00|0.00|
312040638|12/04/2012|CUSCO|01|01|12/04/2012|055|025556|01|7|AAD736915||ARGILES BLASCO||CESAR||1|1|1||0.00|0.00|163.35|0||||||||0.00|0.00|
312040639|12/04/2012|CUSCO|01|01|12/04/2012|055|025557|02|6|20100140692|CONDOR TRAVEL S A|||||2|1|1||0.00|0.00|375.01|0||||||||0.00|0.00|
