513020512|20/02/2013|HLLIM|01|01|20/02/2013|011|074121|03|7|71730386||MASMELA ARROYAVE||ALBERTO OLIMPO||2|1|1|304.79|0.00|0.00|30.49|0||||||||0.00|0.00|
513020513|20/02/2013|HLLIM|01|01|20/02/2013|011|074122|03|7|07050036852||ALANIS RAMIREZ||RICARDO||1|1|1|1113.00|0.00|0.00|111.33|0||||||||0.00|0.00|
513020522|20/02/2013|HLLIM|01|01|20/02/2013|011|074131|03|7|1704442472||DAVALOS SALAZAR||JUAN BERNARDO||1|1|1|797.50|0.00|0.00|79.76|0||||||||0.00|0.00|
513020527|20/02/2013|HLLIM|01|01|20/02/2013|011|074136|03|7|BD309765||SANROMA LEON||ALBERTO||1|1|1|4413.75|0.00|0.00|441.46|0||||||||0.00|0.00|
213020712|20/02/2013|HLAQP|01|01|20/02/2013|021|119423|02|6|20204921807|SOUTH AMERICAN TOURS DEL PERU SA|||||2|1|1|441.69|0.00|0.00|44.17|0||||||||0.00|0.00|
213020715|20/02/2013|HLAQP|01|01|20/02/2013|021|119426|03|7|G10148889||RIEFKOHL HENRICHSEN||LUIS||1|1|1|825.00|0.00|0.00|82.52|0||||||||0.00|0.00|
213020716|20/02/2013|HLAQP|01|01|20/02/2013|021|119427|03|7|AN281455||MUNOZ||ANTONIO||1|1|1|606.00|0.00|0.00|60.62|0||||||||0.00|0.00|
213020718|20/02/2013|HLAQP|01|01|20/02/2013|021|119429|03|7|6066689K||EGUIGUREN||GERMAN||1|1|1|606.00|0.00|0.00|60.62|0||||||||0.00|0.00|
213020719|20/02/2013|HLAQP|01|01|20/02/2013|021|119430|03|7|037842802||HENRIQUEZ GONZALES||OSWALDO FITZGERALD||1|1|1|825.00|0.00|0.00|82.52|0||||||||0.00|0.00|
213020720|20/02/2013|HLAQP|01|01|20/02/2013|021|119431|03|7|C32KHY9HO||GOBEL||JURGEN||1|1|1|426.25|0.00|0.00|42.63|0||||||||0.00|0.00|
213020721|20/02/2013|HLAQP|01|01|20/02/2013|021|119432|03|7|YA245962||CHAMMA||NICOLAU||1|1|1|825.00|0.00|0.00|82.52|0||||||||0.00|0.00|
813020847|20/02/2013|HLTRU|01|01|20/02/2013|031|150870|03|7|205127268||LUND||CHRISTINA||1|1|1|264.00|0.00|0.00|26.41|0||||||||0.00|0.00|
813020848|20/02/2013|HLTRU|01|01|20/02/2013|031|150871|03|7|CZ145433||PEREIRA DE OLIVEIRA||SAMUEL||1|1|1|264.00|0.00|0.00|26.41|0||||||||0.00|0.00|
813020852|20/02/2013|HLTRU|01|01|20/02/2013|031|150875|03|7|099106455||WALKER||RICHARD TREVOR ALAN||1|1|1|530.00|0.00|0.00|53.02|0||||||||0.00|0.00|
813020853|20/02/2013|HLTRU|01|01|20/02/2013|031|150876|03|7|710473052||CASTANEDA||JORGE||1|1|1|530.00|0.00|0.00|53.02|0||||||||0.00|0.00|
813020858|20/02/2013|HLTRU|01|01|20/02/2013|031|150881|03|7|1713937694||BILAND BERGMAN||HANS RUDOLF||1|1|1|660.00|0.00|0.00|66.00|0||||||||0.00|0.00|
813020860|20/02/2013|HLTRU|01|01|20/02/2013|031|150883|03|7|C1T52FC3M||MANTILLA||PILAR||1|1|1|3575.00|0.00|0.00|357.50|0||||||||0.00|0.00|
713020696|20/02/2013|HLPUN|01|01|20/02/2013|047|089548|02|6|20536830376|LIMA TOURS SAC|||||2|1|1|307.38|0.00|0.00|30.74|0||||||||0.00|0.00|
713020697|20/02/2013|HLPUN|01|01|20/02/2013|047|089549|03|7|CZ443316||RIBEIRO FILHO||AYRTON DANIEL||1|1|1|852.50|0.00|0.00|85.26|0||||||||0.00|0.00|
713020698|20/02/2013|HLPUN|01|01|20/02/2013|047|089550|03|7|CX347047||DE MELLO E OLIVEIRA||HILTON||1|1|1|852.50|0.00|0.00|85.26|0||||||||0.00|0.00|
713020699|20/02/2013|HLPUN|01|01|20/02/2013|047|089551|02|6|20106785288|PROMOTORA DE TURISMO NUEVO MUNDO SA|||||2|1|1|661.25|0.00|0.00|66.12|0||||||||0.00|0.00|
713020700|20/02/2013|HLPUN|01|01|20/02/2013|047|089552|02|6|20536830376|LIMA TOURS SAC|||||2|1|1|568.26|0.00|0.00|56.83|0||||||||0.00|0.00|
713020702|20/02/2013|HLPUN|01|01|20/02/2013|047|089554|02|6|20536830376|LIMA TOURS SAC|||||2|1|1|568.26|0.00|0.00|56.84|0||||||||0.00|0.00|
713020705|20/02/2013|HLPUN|01|01|20/02/2013|047|089557|03|7|03VI39405||MEYER||CHANTAL JEANNINE||1|1|1|426.25|0.00|0.00|42.63|0||||||||0.00|0.00|
713020718|20/02/2013|HLPUN|01|01|20/02/2013|047|089570|01|0|12221072||BLUMSTEIN||MARK||1|1|1|704.00|0.00|0.00|70.40|0||||||||0.00|0.00|
713020721|20/02/2013|HLPUN|01|01|20/02/2013|047|089573|01|0|12195008||PARK||YOOMI||1|1|1|341.00|0.00|0.00|34.10|0||||||||0.00|0.00|
313020887|20/02/2013|HLCUS|01|01|20/02/2013|055|034299|02|6|20100973473|COLTUR PERUANA DE TURISMO S A|||||2|1|1|9148.99|0.00|0.00|915.00|0||||||||0.00|0.00|
313020890|20/02/2013|HLCUS|01|01|20/02/2013|055|034302|03|7|12250847||BANDE BRUCK||ANDRES BELA||1|1|1|3520.00|0.00|0.00|352.00|0||||||||0.00|0.00|
313020891|20/02/2013|HLCUS|01|01|20/02/2013|055|034303|03|7|AAG629085||FERNANDEZ||DANIEL||1|1|1|728.75|0.00|0.00|72.88|0||||||||0.00|0.00|
313020892|20/02/2013|HLCUS|01|01|20/02/2013|055|034304|03|7|AAG399993||VELASCO ORTEGA||JULIO||1|1|1|563.75|0.00|0.00|56.38|0||||||||0.00|0.00|
313020893|20/02/2013|HLCUS|01|01|20/02/2013|055|034305|02|6|20492509168|TIANMA VACA TIONSSAC|||||2|1|1|2913.62|0.00|0.00|291.36|0||||||||0.00|0.00|
313020894|20/02/2013|HLCUS|01|01|20/02/2013|055|034306|02|6|20513452668|ANDEAN GROUP|||||2|1|1|26150.29|0.00|0.00|2615.03|0||||||||0.00|0.00|
313020895|20/02/2013|HLCUS|01|01|20/02/2013|055|034307|02|6|20136852745|IBEROJET PERU SA|||||2|1|1|1294.08|0.00|0.00|129.42|0||||||||0.00|0.00|
913020826|20/02/2013|03285|01|01|20/02/2013|061|014148|02|6|20108770750|FIESTA TOURS INTERNATIONAL SA|||||2|1|1|1446.48|0.00|0.00|144.65|0||||||||0.00|0.00|
913020827|20/02/2013|03285|01|01|20/02/2013|061|014149|03|7|XF004747||SANCHEZ ALONSO||JUAN CARLOS||1|1|1|410.00|0.00|0.00|41.00|0||||||||0.00|0.00|
913020830|20/02/2013|03285|01|01|20/02/2013|061|014152|03|7|467522970||BETTNER||JONATHAN||2|1|1|5663.25|0.00|0.00|566.40|0||||||||0.00|0.00|
913020834|20/02/2013|03285|01|01|20/02/2013|061|014156|02|6|20100140692|CONDOR TRAVEL S A|||||2|1|1|11840.47|0.00|0.00|1184.16|0||||||||0.00|0.00|
613021978|20/02/2013|03513|01|01|20/02/2013|082|011881|03|7|473120285||ROCHA||PATRICIA||1|1|1|1622.50|0.00|0.00|162.26|0||||||||0.00|0.00|
613021979|20/02/2013|03513|01|01|20/02/2013|082|011882|03|7|486988373||PIOTRASZEWSKI||ANDREA||1|1|1|990.00|0.00|0.00|99.00|0||||||||0.00|0.00|
613021988|20/02/2013|03513|01|01|20/02/2013|083|005825|02|6|20492509168|TIANMA VACA TIONSSAC|||||2|1|1|1281.17|0.00|0.00|128.13|0||||||||0.00|0.00|
613021990|20/02/2013|03513|01|01|20/02/2013|083|005827|02|6|20518927630|JOURNEY TRAVEL COMPANY SAC|||||2|1|1|612.17|0.00|0.00|61.22|0||||||||0.00|0.00|
613021993|20/02/2013|03513|01|01|20/02/2013|083|005830|02|6|20517696278|GRAAN TRAVEL PERU SAC|||||2|1|1|1252.76|0.00|0.00|125.28|0||||||||0.00|0.00|
430204970|20/02/2013|03286|01|01|20/02/2013|101|009431|03|7|FG062168||SOUZA BLOGALOWSKI||EZEQUIAS||1|1|1|1815.00|0.00|0.00|181.53|0||||||||0.00|0.00|
430204971|20/02/2013|03286|01|01|20/02/2013|101|009432|03|7|AN578866||ARCILLAS RAMIREZ||OLGA BEATRIZ||1|1|1|467.00|0.00|0.00|46.71|0||||||||0.00|0.00|
430204972|20/02/2013|03286|01|01|20/02/2013|101|009433|03|7|110340874||JIMENEZ MONGE||IGNACIO||1|1|1|1156.00|0.00|0.00|115.62|0||||||||0.00|0.00|
430204974|20/02/2013|03286|01|01|20/02/2013|101|009435|03|7|452009640||TRAICOFF||ALLAN LEE||1|1|1|1045.00|0.00|0.00|104.52|0||||||||0.00|0.00|
430204976|20/02/2013|03286|01|01|20/02/2013|101|009437|03|7|029026135||NUNEZ||LUIS CARLOS||1|1|1|935.00|0.00|0.00|93.52|0||||||||0.00|0.00|
430204978|20/02/2013|03286|01|01|20/02/2013|101|009439|03|7|003495287||ALNAFISI||TURKI||1|1|1|1320.00|0.00|0.00|132.00|0||||||||0.00|0.00|
430204979|20/02/2013|03286|01|01|20/02/2013|101|009440|03|7|0027799071||ALJARALLAH||HASAN||1|1|1|1320.00|0.00|0.00|132.00|0||||||||0.00|0.00|
430204980|20/02/2013|03286|01|01|20/02/2013|101|009441|03|7|06370004221||ZUNIGA||JUAN CARLOS||1|1|1|1127.50|0.00|0.00|112.76|0||||||||0.00|0.00|
430205001|20/02/2013|03286|01|01|20/02/2013|101|009447|03|7|222239973||BENNETT||FRANK||1|1|1|1683.00|0.00|0.00|168.33|0||||||||0.00|0.00|
430205002|20/02/2013|03286|01|01|20/02/2013|101|009448|03|7|96414534||SERAFIM DA SILVA||JOAO LUIZ||1|1|1|2420.00|0.00|0.00|242.04|0||||||||0.00|0.00|
430205009|20/02/2013|03286|01|01|20/02/2013|102|014787|03|7|CC19128109||RONDEROS TORRES||CARLOS EDUARDO||1|1|1|550.00|0.00|0.00|55.01|0||||||||0.00|0.00|
430205010|20/02/2013|03286|01|01|20/02/2013|102|014788|03|7|211068129||CALLE||CARLOS ANDRES||1|1|1|804.38|0.00|0.00|80.44|0||||||||0.00|0.00|
430205012|20/02/2013|03286|01|01|20/02/2013|102|014790|03|7|27515293||DAHL||ERIC RANDOLPH||1|1|1|550.00|0.00|0.00|55.01|0||||||||0.00|0.00|
430205013|20/02/2013|03286|01|01|20/02/2013|102|014791|03|7|AN997951||CORREA PARRA||MONICA MARIA||1|1|1|467.00|0.00|0.00|46.71|0||||||||0.00|0.00|
430205014|20/02/2013|03286|01|01|20/02/2013|102|014792|03|7|22310309N||EMBON||GONZALO||1|1|1|522.50|0.00|0.00|52.26|0||||||||0.00|0.00|
430205015|20/02/2013|03286|01|01|20/02/2013|102|014793|03|7|E086125||MORENO RAMIREZ||YESSIKA||1|1|1|1156.00|0.00|0.00|115.62|0||||||||0.00|0.00|
430205016|20/02/2013|03286|01|01|20/02/2013|102|014794|03|7|Y341400||DE FELICE||BLASCO||1|1|1|1237.50|0.00|0.00|123.77|0||||||||0.00|0.00|
430205017|20/02/2013|03286|01|01|20/02/2013|102|014795|03|7|058086032||GUEDEZ MERNDEZ||WILL||1|1|1|522.50|0.00|0.00|52.26|0||||||||0.00|0.00|
430205018|20/02/2013|03286|01|01|20/02/2013|102|014796|02|6|20505238703|TRAVEX SA|||||2|1|1|1022.87|0.00|0.00|102.31|0||||||||0.00|0.00|
430205020|20/02/2013|03286|01|01|20/02/2013|102|014798|03|7|FD322554||FALCAO CAZES||DIANA||2|1|1|774.90|0.00|0.00|77.49|0||||||||0.00|0.00|
430205021|20/02/2013|03286|01|01|20/02/2013|102|014799|03|7|FH064234||FALCAO REBELLO||ISABELA||2|1|1|774.90|0.00|0.00|77.49|0||||||||0.00|0.00|
430205023|20/02/2013|03286|01|01|20/02/2013|102|014801|03|7|565976537||SCHROTER||WILFRIED||1|1|1|1734.00|0.00|0.00|173.43|0||||||||0.00|0.00|
430205024|20/02/2013|03286|01|01|20/02/2013|102|014802|03|7|27203981||BARBON||FERNANDO||1|1|1|962.50|0.00|0.00|96.26|0||||||||0.00|0.00|
430205025|20/02/2013|03286|01|01|20/02/2013|102|014803|02|6|20536830376|LIMA TOURS SAC|||||2|1|1|1619.54|0.00|0.00|161.97|0||||||||0.00|0.00|
430205030|20/02/2013|03286|01|01|20/02/2013|102|014808|03|7|FE738161||SERRAO DE FILIPPO||ALEXANDRE||1|1|1|1911.25|0.00|0.00|191.15|0||||||||0.00|0.00|
430205031|20/02/2013|03286|01|01|20/02/2013|102|014809|03|7|80659875||HALLIN||KARIN ELISABET||1|1|1|825.00|0.00|0.00|82.51|0||||||||0.00|0.00|
430205032|20/02/2013|03286|01|01|20/02/2013|102|014810|03|7|444727799||TALBOT||MARK JOHN||1|1|1|1899.00|0.00|0.00|189.93|0||||||||0.00|0.00|
430205033|20/02/2013|03286|01|01|20/02/2013|102|014811|03|7|FB874023||MATSUURA DIAS SANTAN||HENDERSON||1|1|1|2255.00|0.00|0.00|225.52|0||||||||0.00|0.00|
430205035|20/02/2013|03286|01|01|20/02/2013|102|014813|03|7|NW1P7PR11||FALBRU||ARLENE TACIANA||1|1|1|1156.00|0.00|0.00|115.62|0||||||||0.00|0.00|
430205036|20/02/2013|03286|01|01|20/02/2013|102|014814|03|7|218876748||TOPEL||ISAAC||1|1|1|990.00|0.00|0.00|99.00|0||||||||0.00|0.00|
430205069|20/02/2013|03286|01|01|20/02/2013|103|010586|03|7|A3438309||FINZISMITH||JANINE SUYEN||1|1|1|1156.00|0.00|0.00|115.62|0||||||||0.00|0.00|
430205071|20/02/2013|03286|01|01|20/02/2013|103|010588|03|7|FF862970||PEDROSO ALONSO||ROBSON||1|1|1|1815.00|0.00|0.00|181.53|0||||||||0.00|0.00|
430205072|20/02/2013|03286|01|01|20/02/2013|103|010589|03|7|AAC858617||DIAZ CANO||PEDRO GUILLERMO||1|1|1|1237.50|0.00|0.00|123.77|0||||||||0.00|0.00|
430205073|20/02/2013|03286|01|01|20/02/2013|103|010590|03|7|175350667||OPITZ GAJARDO||FRANCISCA||1|1|1|1818.00|0.00|0.00|181.83|0||||||||0.00|0.00|
430205074|20/02/2013|03286|01|01|20/02/2013|103|010591|03|7|476094827||MERCADO||GRISSEL ANABEL||1|1|1|1650.00|0.00|0.00|165.00|0||||||||0.00|0.00|
430205075|20/02/2013|03286|01|01|20/02/2013|103|010592|03|7|21588057||LEW||SERGIO GABRIEL||1|1|1|1595.00|0.00|0.00|159.51|0||||||||0.00|0.00|
430205077|20/02/2013|03286|01|01|20/02/2013|103|010594|03|7|FC056016||BARCELOS SOUZA||MARIO CESAR||1|1|1|1518.00|0.00|0.00|151.80|0||||||||0.00|0.00|
430205079|20/02/2013|03286|01|01|20/02/2013|103|010596|03|7|79393199||SALDARRIAGA ARTEAGA||JUAN CARLOS||1|1|1|962.00|0.00|0.00|96.22|0||||||||0.00|0.00|
430205080|20/02/2013|03286|01|01|20/02/2013|103|010597|02|6|20536830376|LIMA TOURS SAC|||||2|1|1|1619.54|0.00|0.00|161.97|0||||||||0.00|0.00|
430205081|20/02/2013|03286|01|01|20/02/2013|103|010598|03|7|098289455400||DIAZ BORIOLI||ALEJANDRO||1|1|1|481.25|0.00|0.00|48.13|0||||||||0.00|0.00|
430205082|20/02/2013|03286|01|01|20/02/2013|103|010599|03|7|465643561||FERRARI||DAVID||1|1|1|233.75|0.00|0.00|23.38|0||||||||0.00|0.00|
430205085|20/02/2013|03286|01|01|20/02/2013|103|010602|03|7|422105429||MUNOZ||JUAN LUIS||1|1|1|1650.00|0.00|0.00|165.00|0||||||||0.00|0.00|
430205086|20/02/2013|03286|01|01|20/02/2013|103|010603|03|7|YA2303149||MAZZA||MASSINO||1|1|1|539.00|0.00|0.00|53.91|0||||||||0.00|0.00|
430205087|20/02/2013|03286|01|01|20/02/2013|103|010604|03|7|28017728||HELBEKKMO||HANS JORGEN||1|1|1|1925.00|0.00|0.00|192.52|0||||||||0.00|0.00|
430205088|20/02/2013|03286|01|01|20/02/2013|103|010605|03|7|X3242466||SAMANDARI||HAMID||1|1|1|1617.00|0.00|0.00|161.71|0||||||||0.00|0.00|
430205177|20/02/2013|03286|01|01|20/02/2013|103|010607|02|7|PE06652|TABORDA ESCOBAR LUIS|||||1|1|1|1608.75|0.00|0.00|160.89|0||||||||0.00|0.00|
