430201938|08/02/2013|03286|01|01|08/02/2013|102|014418|03|7|ED7496526||ADAME DE HOYOS||EDUARDO JAVIER||1|1|1|1870.00|0.00|0.00|187.04|0||||||||0.00|0.00|
430201939|08/02/2013|03286|01|01|08/02/2013|102|014419|03|7|707643187||ELLIS||DAVID||1|1|1|1567.50|0.00|0.00|156.78|0||||||||0.00|0.00|
430201940|08/02/2013|03286|01|01|08/02/2013|102|014420|03|7|136055901||ZIMMERMAN||DAVID ALBERT||1|1|1|1402.50|0.00|0.00|140.28|0||||||||0.00|0.00|
430201941|08/02/2013|03286|01|01|08/02/2013|102|014421|03|7|XDA727552||PAREJO ALCAZAR||JAVIER||2|1|1|1626.18|0.00|0.00|162.65|0||||||||0.00|0.00|
430201942|08/02/2013|03286|01|01|08/02/2013|102|014422|03|7|047914321||CLABAUGH||DAVID M||1|1|1|247.50|0.00|0.00|24.75|0||||||||0.00|0.00|
430201943|08/02/2013|03286|01|01|08/02/2013|102|014423|03|7|FB537053||NOVETTI DE SOUSA FAU||AUGUSTO||1|1|1|508.75|0.00|0.00|50.88|0||||||||0.00|0.00|
430201944|08/02/2013|03286|01|01|08/02/2013|102|014424|03|7|218982875||LEYES ECHEVERRIA||JUAN JOSE ABEL||1|1|1|1045.00|0.00|0.00|104.52|0||||||||0.00|0.00|
430201946|08/02/2013|03286|01|01|08/02/2013|102|014426|03|7|CC19427554||BERNAL PARADA||LUIS EDUARDO||1|1|1|1100.00|0.00|0.00|110.02|0||||||||0.00|0.00|
430201947|08/02/2013|03286|01|01|08/02/2013|102|014427|01|0|688594||ESPINOSA|NN|GUILLERMO||1|1|1|1100.00|0.00|0.00|110.02|0||||||||0.00|0.00|
430201948|08/02/2013|03286|01|01|08/02/2013|102|014428|03|7|CC79685310||HERNANDEZ||JAIME||1|1|1|2145.00|0.00|0.00|214.52|0||||||||0.00|0.00|
430201949|08/02/2013|03286|01|01|08/02/2013|102|014429|03|7|AO143340||JIMENEZ GONZALEZ||CESAR IGNACIO||1|1|1|799.00|0.00|0.00|79.91|0||||||||0.00|0.00|
430201950|08/02/2013|03286|01|01|08/02/2013|102|014430|03|7|79393199||SALDARRIAGA ARTEAGA||JUAN CARLOS||1|1|1|962.00|0.00|0.00|96.22|0||||||||0.00|0.00|
430201951|08/02/2013|03286|01|01|08/02/2013|102|014431|03|7|23931466K||RAIMONDO||MARIO||1|1|1|2420.00|0.00|0.00|242.04|0||||||||0.00|0.00|
430201952|08/02/2013|03286|01|01|08/02/2013|102|014432|03|7|07330017137||ESCOBAR UNDA||CARLOS||2|1|1|691.48|0.00|0.00|69.15|0||||||||0.00|0.00|
430201901|08/02/2013|03286|01|01|08/02/2013|102|014435|03|7|218602451||HERRERA||JASON ALEXANDER||1|1|1|1159.38|0.00|0.00|115.95|0||||||||0.00|0.00|
430201902|08/02/2013|03286|01|01|08/02/2013|102|014436|03|7|FD212982||AZEVEDO||LUIZ FELIPE||1|1|1|1402.50|0.00|0.00|140.28|0||||||||0.00|0.00|
430201904|08/02/2013|03286|01|01|08/02/2013|102|014438|03|7|135312950||CANALES||DAVID||1|1|1|1734.00|0.00|0.00|173.43|0||||||||0.00|0.00|
430201905|08/02/2013|03286|01|01|08/02/2013|102|014439|03|7|N4943542||KOLBER||ANNA TERESA||2|1|1|1242.03|0.00|0.00|124.21|0||||||||0.00|0.00|
430201906|08/02/2013|03286|01|01|08/02/2013|102|014440|03|7|PE067393||CASTANEDA PARRA||MELISSA||1|1|1|2062.50|0.00|0.00|206.30|0||||||||0.00|0.00|
430201907|08/02/2013|03286|01|01|08/02/2013|102|014441|03|7|102118901||GARCIA OLAVE||JOSE C||1|1|1|2406.25|0.00|0.00|240.65|0||||||||0.00|0.00|
430201909|08/02/2013|03286|01|01|08/02/2013|102|014443|03|7|C4J83Y84G||GATHMANN||ANDREAS||1|1|1|2121.00|0.00|0.00|212.13|0||||||||0.00|0.00|
430201910|08/02/2013|03286|01|01|08/02/2013|102|014444|03|7|03FE00289||KARALEKIAN||MESROB||1|1|1|1347.50|0.00|0.00|134.77|0||||||||0.00|0.00|
430201912|08/02/2013|03286|01|01|08/02/2013|102|014446|03|7|12DC96835||GOUT||PIERRE MARIE PHILIPP||1|1|1|1815.00|0.00|0.00|181.53|0||||||||0.00|0.00|
430201915|08/02/2013|03286|01|01|08/02/2013|102|014449|03|7|FD955120||DE ALMEIDA||CLOVIS HENRIQUE||2|1|1|902.18|0.00|0.00|90.24|0||||||||0.00|0.00|
430201916|08/02/2013|03286|01|01|08/02/2013|102|014450|03|7|11CC52934||PILLER||BERNARD JEAN GABRIEL||1|1|1|962.50|0.00|0.00|96.26|0||||||||0.00|0.00|
430201917|08/02/2013|03286|01|01|08/02/2013|102|014451|03|7|C4FXV9YXL||VOGELER||INES BEATRIZ||1|1|1|2475.00|0.00|0.00|247.56|0||||||||0.00|0.00|
430201918|08/02/2013|03286|01|01|08/02/2013|102|014452|03|7|488692886||VILLARROEL||MARIA||1|1|1|2413.13|0.00|0.00|241.33|0||||||||0.00|0.00|
430201919|08/02/2013|03286|01|01|08/02/2013|102|014453|03|7|YA091935||MARTINS RODRIGUES DE||VIVIANE||1|1|1|3382.50|0.00|0.00|338.28|0||||||||0.00|0.00|
430201988|08/02/2013|03286|01|01|08/02/2013|103|010368|03|7|474252441||MUNOZ MONTEAGUDO||GUILLERMINA||1|1|1|615.00|0.00|0.00|61.50|0||||||||0.00|0.00|
430201989|08/02/2013|03286|01|01|08/02/2013|103|010369|03|7|G02693828||ESCORZA FLORES||LUIS RICARDO||1|1|1|2062.50|0.00|0.00|206.30|0||||||||0.00|0.00|
430201990|08/02/2013|03286|01|01|08/02/2013|103|010370|03|7|31366||PAEZ|NN|JUAN CARLOS||1|1|1|2255.00|0.00|0.00|225.52|0||||||||0.00|0.00|
430201992|08/02/2013|03286|01|01|08/02/2013|103|010372|03|7|CW903954||QUEIROZ TAVASSI||CAMILA||1|1|1|2062.50|0.00|0.00|206.30|0||||||||0.00|0.00|
430201993|08/02/2013|03286|01|01|08/02/2013|103|010373|03|7|QA831324||WARD||JEFFERY STUART||1|1|1|5630.66|0.00|0.00|563.08|0||||||||0.00|0.00|
430201994|08/02/2013|03286|01|01|08/02/2013|103|010374|03|7|21816146N||COMELLI||RICARDO LUIS MIGUEL||1|1|1|1072.50|0.00|0.00|107.26|0||||||||0.00|0.00|
430202176|08/02/2013|03286|01|01|08/02/2013|103|010375|03|7|036769438||MEDINA HERNANDEZ||JOEL ALEXANDER||2|1|1|1626.18|0.00|0.00|162.65|0||||||||0.00|0.00|
430201995|08/02/2013|03286|01|01|08/02/2013|103|010376|03|7|G09587991||ESPINOZA PEREZ||JAIME GERARDO||1|1|1|1650.00|0.00|0.00|165.04|0||||||||0.00|0.00|
430201996|08/02/2013|03286|01|01|08/02/2013|103|010377|03|7|26932949||BORCHARDT||JUAN CARLOS||1|1|1|495.00|0.00|0.00|49.50|0||||||||0.00|0.00|
430202000|08/02/2013|03286|01|01|08/02/2013|103|010381|03|7|CC44003995||DUQUE MEJIA||CAROLINA MARIA||1|1|1|1870.00|0.00|0.00|187.00|0||||||||0.00|0.00|
430202001|08/02/2013|03286|01|01|08/02/2013|103|010382|03|7|CC79945076||HOLGUIN PELAEZ||MAURICIO||1|1|1|2337.50|0.00|0.00|233.80|0||||||||0.00|0.00|
430202003|08/02/2013|03286|01|01|08/02/2013|103|010384|03|7|220549032||ELLIS||KANA ANNE||1|1|1|3781.25|0.00|0.00|378.15|0||||||||0.00|0.00|
430202005|08/02/2013|03286|01|01|08/02/2013|103|010386|02|6|20505238703|TRAVEX SA|||||2|1|1|510.64|0.00|0.00|51.06|0||||||||0.00|0.00|
430202006|08/02/2013|03286|01|01|08/02/2013|103|010387|03|7|EH406260||ENGLEBERT||JEANPIERRE||1|1|1|2406.25|0.00|0.00|240.65|0||||||||0.00|0.00|
430202007|08/02/2013|03286|01|01|08/02/2013|103|010388|03|7|CC80040650||DURAN ARTUNDUAGA||JUAN CARLOS||1|1|1|2406.25|0.00|0.00|240.65|0||||||||0.00|0.00|
430202008|08/02/2013|03286|01|01|08/02/2013|103|010389|03|7|CC79982046||ALVAREZ BOTERO||JUAN CAMILO||1|1|1|2406.25|0.00|0.00|240.65|0||||||||0.00|0.00|
430202010|08/02/2013|03286|01|01|08/02/2013|103|010391|03|7|EJ431319||DE GEYTER||RAF||1|1|1|2681.25|0.00|0.00|268.18|0||||||||0.00|0.00|
430202011|08/02/2013|03286|01|01|08/02/2013|103|010392|03|7|FF050939||YOSHIOKA||GUSTAVO||1|1|1|2805.00|0.00|0.00|280.56|0||||||||0.00|0.00|
513020253|08/02/2013|HLLIM|01|01|08/02/2013|011|073968|03|7|QE231007||TUOMI||PETER JOHN||1|1|1|838.75|0.00|0.00|83.89|0||||||||0.00|0.00|
513020254|08/02/2013|HLLIM|01|01|08/02/2013|011|073969|03|7|22109678N||DELLA|TORRE|FERNANDO|JAVIER|2|1|1|1431.35|0.00|0.00|143.14|0||||||||0.00|0.00|
513020255|08/02/2013|HLLIM|01|01|08/02/2013|011|073970|03|7|D616273||PEREIRA DEL VECCHIO||JUAN CARLOS||1|1|1|1196.25|0.00|0.00|119.64|0||||||||0.00|0.00|
513020256|08/02/2013|HLLIM|01|01|08/02/2013|011|073971|03|7|NVR67D5H3||GEELS||KICK||1|1|1|371.25|0.00|0.00|37.13|0||||||||0.00|0.00|
513020257|08/02/2013|HLLIM|01|01|08/02/2013|011|073972|03|7|1793349||JASAT BHANA||SAAJIDSULEMAN||1|1|1|371.25|0.00|0.00|37.13|0||||||||0.00|0.00|
513020258|08/02/2013|HLLIM|01|01|08/02/2013|011|073973|03|7|C2RX8ZR7M||BARTON||MANUELA||1|1|1|1155.00|0.00|0.00|115.50|0||||||||0.00|0.00|
513020261|08/02/2013|HLLIM|01|01|08/02/2013|011|073976|03|7|499914852||MYLES||BRENT ALLEN||1|1|1|1264.00|0.00|0.00|126.44|0||||||||0.00|0.00|
513020262|08/02/2013|HLLIM|01|01|08/02/2013|011|073977|03|7|215401159||PACHECO||MARIA CLAUDIA||1|1|1|948.00|0.00|0.00|94.83|0||||||||0.00|0.00|
213020361|08/02/2013|HLAQP|01|07|08/02/2013|021|006021|02|6|20450743403|CHIMU ADVENTURE PERU|||||2|1|1||0.00|0.00|-92.71|0||||01|021|118547|07/01/2013||0.00|
213020300|08/02/2013|HLAQP|01|01|08/02/2013|021|119187|03|7|10933580988||CORPUS||SALVADOR||1|1|1|742.50|0.00|0.00|74.26|0||||||||0.00|0.00|
213020303|08/02/2013|HLAQP|01|01|08/02/2013|021|119190|03|7|CG319GKP4||EBERHORN||ANDREAS||1|1|1|385.00|0.00|0.00|38.52|0||||||||0.00|0.00|
213020310|08/02/2013|HLAQP|01|01|08/02/2013|021|119197|03|7|460610483||LETELIER||CARLOS||1|1|1|275.00|0.00|0.00|27.51|0||||||||0.00|0.00|
213020313|08/02/2013|HLAQP|01|01|08/02/2013|021|119200|03|7|M7046643||RAHAL||JULIE||1|1|1|275.00|0.00|0.00|27.51|0||||||||0.00|0.00|
213020315|08/02/2013|HLAQP|01|01|08/02/2013|021|119202|03|7|G40869582||YU||SHAOHAI||1|1|1|275.00|0.00|0.00|27.51|0||||||||0.00|0.00|
213020316|08/02/2013|HLAQP|01|01|08/02/2013|021|119203|03|7|106169341||AINSWORTH||PAUL||1|1|1|275.00|0.00|0.00|27.51|0||||||||0.00|0.00|
213020317|08/02/2013|HLAQP|01|01|08/02/2013|021|119204|03|7|QC716083||ROSE||DAVID||1|1|1|275.00|0.00|0.00|27.51|0||||||||0.00|0.00|
213020318|08/02/2013|HLAQP|01|01|08/02/2013|021|119205|03|7|706687676||MULLIGAN||MARK||1|1|1|275.00|0.00|0.00|27.51|0||||||||0.00|0.00|
213020319|08/02/2013|HLAQP|01|01|08/02/2013|021|119206|03|7|488693090||LELINSKI||DARIUSZ||1|1|1|550.00|0.00|0.00|55.02|0||||||||0.00|0.00|
213020320|08/02/2013|HLAQP|01|01|08/02/2013|021|119207|03|7|469036990||BRICKHILL||CRAIG||1|1|1|275.00|0.00|0.00|27.51|0||||||||0.00|0.00|
213020321|08/02/2013|HLAQP|01|01|08/02/2013|021|119208|03|7|502150466||RAHIMIAN||TINA HAMICA||1|1|1|275.00|0.00|0.00|27.51|0||||||||0.00|0.00|
213020322|08/02/2013|HLAQP|01|01|08/02/2013|021|119209|03|7|E4050208||JAY||PATRICK||1|1|1|550.00|0.00|0.00|55.02|0||||||||0.00|0.00|
213020323|08/02/2013|HLAQP|01|01|08/02/2013|021|119210|03|7|473495585||LEE||DAVID||1|1|1|550.00|0.00|0.00|55.02|0||||||||0.00|0.00|
213020324|08/02/2013|HLAQP|01|01|08/02/2013|021|119211|03|7|058232353||REDDEN||LORIN||1|1|1|275.00|0.00|0.00|27.51|0||||||||0.00|0.00|
213020331|08/02/2013|HLAQP|01|01|08/02/2013|021|119219|02|6|20490566997|CA PERU TURISMO SAC|||||2|1|1|938.76|0.00|0.00|93.88|0||||||||0.00|0.00|
813020333|08/02/2013|HLTRU|01|01|08/02/2013|031|150567|03|7|710881397||VELEZ||GUSTAVO A||1|1|1|496.00|0.00|0.00|49.62|0||||||||0.00|0.00|
813020335|08/02/2013|HLTRU|01|01|08/02/2013|031|150569|03|7|TK2246571||INOUE||YASUYUKI||1|1|1|248.00|0.00|0.00|24.81|0||||||||0.00|0.00|
813020337|08/02/2013|HLTRU|01|01|08/02/2013|031|150571|03|7|TG3696444||TERUNUMA|NN|OSAMI||1|1|1|248.00|0.00|0.00|24.81|0||||||||0.00|0.00|
813020338|08/02/2013|HLTRU|01|01|08/02/2013|031|150572|03|7|MS5152844||AYABE||SHUJI||1|1|1|248.00|0.00|0.00|24.81|0||||||||0.00|0.00|
813020356|08/02/2013|HLTRU|01|01|08/02/2013|031|150591|03|7|106940520||LOVELL||CHRISTOPHER||1|1|1|206.00|0.00|0.00|20.60|0||||||||0.00|0.00|
713020265|08/02/2013|HLPUN|01|01|08/02/2013|047|089394|02|6|20536830376|LIMA TOURS SAC|||||2|1|1|680.86|0.00|0.00|68.09|0||||||||0.00|0.00|
713020266|08/02/2013|HLPUN|01|01|08/02/2013|047|089395|03|7|c5j3lwthc||VISSCHERS||JELKA VERENA||2|1|1|562.22|0.00|0.00|56.23|0||||||||0.00|0.00|
713020269|08/02/2013|HLPUN|01|01|08/02/2013|047|089398|03|7|11CL22620||MAHLER||WILLY||1|1|1|742.50|0.00|0.00|74.26|0||||||||0.00|0.00|
713020271|08/02/2013|HLPUN|01|01|08/02/2013|047|089400|03|7|09PV57445||MAHLER||THEODORE CHRISTOPHE||1|1|1|742.50|0.00|0.00|74.26|0||||||||0.00|0.00|
313020299|08/02/2013|HLCUS|01|01|08/02/2013|055|034102|02|6|20374154304|SILVANA TOURS  SAC|||||2|1|1|629.28|0.00|0.00|62.93|0||||||||0.00|0.00|
313020377|08/02/2013|HLCUS|01|01|08/02/2013|055|034106|02|6|20502666640|PERU TRACES TRAVEL  TOURS SAC|||||2|1|1|533.85|0.00|0.00|53.39|0||||||||0.00|0.00|
313020303|08/02/2013|HLCUS|01|01|08/02/2013|055|034107|02|6|20502666640|PERU TRACES TRAVEL  TOURS SAC|||||2|1|1|533.85|0.00|0.00|53.39|0||||||||0.00|0.00|
913020337|08/02/2013|03285|01|01|08/02/2013|061|013960|02|6|20387589181|VIAJES PACIFICO SAC|||||2|1|1|495.16|0.00|0.00|49.52|0||||||||0.00|0.00|
913020338|08/02/2013|03285|01|01|08/02/2013|061|013961|02|6|20490688910|CUSCO OUTDOORS EIRL|||||2|1|1|2299.12|0.00|0.00|229.92|0||||||||0.00|0.00|
913020339|08/02/2013|03285|01|01|08/02/2013|061|013962|02|6|20527977569|INCA ROYALTY TRAVEL SERVICE|||||2|1|1|740.17|0.00|0.00|74.02|0||||||||0.00|0.00|
913020388|08/02/2013|03285|01|01|08/02/2013|061|013963|03|7|460805034||SCHMIDT||RYAN||1|1|1|495.00|0.00|0.00|49.50|0||||||||0.00|0.00|
913020340|08/02/2013|03285|01|01|08/02/2013|061|013964|03|7|N2456888||KENIRY||KEVIN||2|1|1|1375.19|0.00|0.00|137.53|0||||||||0.00|0.00|
913020342|08/02/2013|03285|01|01|08/02/2013|061|013966|02|6|20100939887|SERVICIOS TURISTICOS GENERALES SA|||||2|1|1|12337.94|0.00|0.00|1233.93|0||||||||0.00|0.00|
613020723|08/02/2013|03513|01|01|08/02/2013|082|011766|03|7|X0496365||SLOSIAR||RASTISLAV||1|1|1|2021.25|0.00|0.00|202.14|0||||||||0.00|0.00|
613020724|08/02/2013|03513|01|01|08/02/2013|082|011767|03|7|475767339||LEKIC||DENIS||1|1|1|811.25|0.00|0.00|81.13|0||||||||0.00|0.00|
613020726|08/02/2013|03513|01|01|08/02/2013|083|005729|01|1|09092919||BERROSPI||CESAR||2|1|1|153.01|0.00|0.00|15.31|0||||||||0.00|0.00|
430202060|08/02/2013|03286|01|01|08/02/2013|101|009304|03|7|07390004366||BARRAGAN BRAVO||RODRIGO||1|1|1|962.50|0.00|0.00|96.26|0||||||||0.00|0.00|
430202061|08/02/2013|03286|01|01|08/02/2013|101|009305|03|7|XDA299136||NORDELLO GONZALEZ||ISIDRO||1|1|1|1734.00|0.00|0.00|173.43|0||||||||0.00|0.00|
430202062|08/02/2013|03286|01|01|08/02/2013|101|009306|03|7|YA4418820||MIOTTO||CARLO||1|1|1|2062.50|0.00|0.00|206.30|0||||||||0.00|0.00|
430202063|08/02/2013|03286|01|01|08/02/2013|101|009307|03|7|020100281||CORTES SIFONTES||RAFAEL EMILIO||1|1|1|6600.00|0.00|0.00|660.12|0||||||||0.00|0.00|
430202064|08/02/2013|03286|01|01|08/02/2013|101|009308|03|7|127812485||ALBUQUERQUE||THIAGO||1|1|1|606.00|0.00|0.00|60.61|0||||||||0.00|0.00|
430202065|08/02/2013|03286|01|01|08/02/2013|101|009309|03|7|14923875N||TAIT||IAN||1|1|1|1734.00|0.00|0.00|173.43|0||||||||0.00|0.00|
430202066|08/02/2013|03286|01|01|08/02/2013|101|009310|03|7|L162683||PATRICIO FRANCO||MARIA MARGARIDA||1|1|1|1485.00|0.00|0.00|148.53|0||||||||0.00|0.00|
430202067|08/02/2013|03286|01|01|08/02/2013|101|009311|03|7|147373252||KNEZOVIC||MARKO||1|1|1|1045.00|0.00|0.00|104.52|0||||||||0.00|0.00|
430202068|08/02/2013|03286|01|01|08/02/2013|101|009312|03|7|20213877||ESCUDERO CHINCHILLA||PEDRO||1|1|1|606.00|0.00|0.00|60.61|0||||||||0.00|0.00|
430202069|08/02/2013|03286|01|01|08/02/2013|101|009313|03|7|CC19247534||SALGADO ARCE||RAFAEL ANTONIO||1|1|1|1100.00|0.00|0.00|110.02|0||||||||0.00|0.00|
430202070|08/02/2013|03286|01|01|08/02/2013|101|009314|03|7|11097240N||LENZA||RUBEN A||1|1|1|935.00|0.00|0.00|93.52|0||||||||0.00|0.00|
430202071|08/02/2013|03286|01|01|08/02/2013|101|009315|03|7|07864558792||DEL ANGEL CRUZ||CRISTOPHER||1|1|1|1485.00|0.00|0.00|148.50|0||||||||0.00|0.00|
430202072|08/02/2013|03286|01|01|08/02/2013|101|009316|03|7|14255238N||LAMARI||ANTONIO||1|1|1|1210.00|0.00|0.00|121.02|0||||||||0.00|0.00|
430202073|08/02/2013|03286|01|01|08/02/2013|101|009317|03|7|11AK83898||GUIGNES||CHRISTOPHE SERGE||1|1|1|962.50|0.00|0.00|96.26|0||||||||0.00|0.00|
430202074|08/02/2013|03286|01|01|08/02/2013|101|009318|03|7|CC53050070||REYES PLAZAS||DIANA CARINA||1|1|1|990.00|0.00|0.00|99.00|0||||||||0.00|0.00|
430202075|08/02/2013|03286|01|01|08/02/2013|101|009319|03|7|PE077321||STIEFKEN RESPTREPO||DANIEL||1|1|1|990.00|0.00|0.00|99.00|0||||||||0.00|0.00|
430202076|08/02/2013|03286|01|01|08/02/2013|101|009320|03|7|120168436||SOTO SILVA||ROBERTO JAVIER||1|1|1|577.50|0.00|0.00|57.76|0||||||||0.00|0.00|
430202077|08/02/2013|03286|01|01|08/02/2013|101|009321|03|7|127979006||GARTNER||TASSILO||1|1|1|1443.00|0.00|0.00|144.33|0||||||||0.00|0.00|
430202078|08/02/2013|03286|01|01|08/02/2013|101|009322|03|7|CC80197760||SALDARRIAGA FORERO||DANIEL RICARDO||1|1|1|1650.00|0.00|0.00|165.03|0||||||||0.00|0.00|
430202079|08/02/2013|03286|01|01|08/02/2013|101|009323|03|7|11AA059651||CECCACCI||ALEXANDRE||1|1|1|1210.00|0.00|0.00|121.02|0||||||||0.00|0.00|
430201894|08/02/2013|03286|01|01|08/02/2013|102|014407|03|7|TZ0674084||KATAKURA||YOKO||1|1|1|1980.00|0.00|0.00|198.04|0||||||||0.00|0.00|
430201896|08/02/2013|03286|01|01|08/02/2013|102|014409|03|7|452010471||ALARCON||CARLOS ALBERTO||1|1|1|3025.00|0.00|0.00|302.52|0||||||||0.00|0.00|
430201897|08/02/2013|03286|01|01|08/02/2013|102|014410|03|7|429828360||MARTINENGO||LIVIO||1|1|1|1650.00|0.00|0.00|165.00|0||||||||0.00|0.00|
430201898|08/02/2013|03286|01|01|08/02/2013|102|014411|03|7|E10600998||VERA ALVAREZ||JUAN OSCAR||2|1|1|2484.87|0.00|0.00|248.48|0||||||||0.00|0.00|
430201899|08/02/2013|03286|01|01|08/02/2013|102|014412|03|7|467007985||LOPES||FRANCISCO J||1|1|1|2365.00|0.00|0.00|236.52|0||||||||0.00|0.00|
430201933|08/02/2013|03286|01|01|08/02/2013|102|014413|03|7|422081317||DEAN||PAUL||1|1|1|2750.00|0.00|0.00|275.05|0||||||||0.00|0.00|
430201934|08/02/2013|03286|01|01|08/02/2013|102|014414|03|7|XDA299522||DE LA TORRE ALVAREZ||LUIS||1|1|1|1734.00|0.00|0.00|173.43|0||||||||0.00|0.00|
430201936|08/02/2013|03286|01|01|08/02/2013|102|014416|03|7|QA354822||METCALFE||VINCENT||1|1|1|1512.50|0.00|0.00|151.26|0||||||||0.00|0.00|
430201937|08/02/2013|03286|01|01|08/02/2013|102|014417|03|7|761234313||TOWNEND||FIONA RUTH||1|1|1|2062.50|0.00|0.00|206.30|0||||||||0.00|0.00|
